100.000 1135.000
1900.000 1768.000
1900.000 149.000
1900.000 1205.000
263.000 657.000
1679.000 1463.000
1157.000 1900.000
1900.000 374.000
1900.000 911.000
676.000 604.000
1647.000 1900.000
1235.000 376.000
950.000 604.000
1496.000 1001.000
1236.000 1236.000
1394.000 642.000
992.000 1259.000
117.000 100.000
794.000 861.000
1275.000 100.000
324.000 346.000
285.000 1900.000
1655.000 432.000
893.000 1697.000
100.000 1347.000
1064.000 1566.000
1900.000 642.000
1900.000 1533.000
670.000 1151.000
100.000 853.000
1650.000 1225.000
1045.000 782.000
1671.000 666.000
626.000 239.000
798.000 384.000
100.000 1590.000
315.000 1340.000
941.000 1900.000
459.000 1190.000
514.000 441.000
965.000 1030.000
588.000 1900.000
1486.000 1667.000
1444.000 1900.000
1445.000 1252.000
117.000 339.000
1683.000 898.000
609.000 1636.000
317.000 100.000
1186.000 1812.000
1834.000 1735.000
97.000 500.000
126.000 1891.000
487.000 816.000
611.000 67.000
895.000 1585.000
1019.000 607.000
1549.000 319.000
1557.000 95.000
1883.000 1834.000
657.000 1375.000
458.000 937.500
905.500 94.000
401.500 1619.000
1587.000 158.500
1346.000 1495.500
1191.500 967.500
951.500 308.000
