1200 40
117.000 133.000
177.000 1088.000
132.000 2195.000
1827.000 116.000
1694.000 552.000
1694.000 852.000
1264.000 116.000
453.000 873.000
1691.000 1197.000
1769.000 319.000
403.000 2180.000
1445.000 1955.000
581.000 116.000
1691.000 1811.000
967.000 334.000
453.000 361.000
679.000 1952.000
1093.000 864.000
1462.000 1309.000
451.000 1228.000
936.000 1548.000
1538.000 116.000
1200.000 1952.000
816.000 116.000
1691.000 1423.000
1172.000 1286.000
1302.000 334.000
404.000 1858.000
1977.000 285.000
861.000 1785.000
1569.000 1038.000
1142.000 1075.000
982.000 1952.000
1040.000 116.000
667.000 1435.000
936.000 585.000
1141.000 545.000
1962.000 809.000
1978.000 1795.000
1976.000 2224.000
1410.000 1683.000
1274.000 1590.000
1662.000 1748.000
1139.000 1799.000
1476.000 427.000
153.000 762.000
163.000 1286.000
133.000 1578.000
151.000 1934.000
478.000 92.000
415.000 1163.000
570.000 2070.000
648.000 2166.000
462.000 2213.000
506.000 1813.000
638.000 1279.000
919.000 946.000
1225.000 2168.000
1382.000 1021.000
1440.000 859.000
1613.000 783.000
1634.000 1958.000
1816.000 2035.000
1887.000 1986.000
1891.000 1164.000
1933.000 674.000
1992.000 198.000
185.750 406.250
185.500 826.000
122.500 1481.500
143.500 1880.000
929.500 1179.500
444.500 1533.500
446.500 660.500
757.000 341.000
1388.000 543.500
709.875 1003.375
710.500 610.500
936.000 2215.000
1347.000 2225.000
1677.000 2220.500
1974.000 1090.000
1949.250 1488.750
755.500 1670.500
1866.000 503.500
