[INFO]
FORMAT=MAP_POINTS
NAME=tspnn/jh/bp-d200-b100-i5-depot0/jh-vis.txt
VERSION=1.0
COMMENT=Load from simple-txt file 'maps/jari-huge-V.txt'
COMMENT=Created from file 'maps/jari-huge-V.txt' by program ./tmap_convert version 0.5
COMMENT=Created from file 'src/jh-bp-d200-b100-i5-depot0/map.txt' by program ../map_tools/tmap_convert version 0.5
COMMENT=visibility graphs created by tvisibility.cc

[MAP_POINTS]
0 2071 16
1 2077.54 20.4645
2 2079 402
3 2074.54 408.536
4 1858 410
5 1858 421
6 2071 421
7 2077.54 425.464
8 2079 548
9 2074.54 554.536
10 1813 556
11 1806.46 551.536
12 1805 407
13 1794 407
14 1794 708
15 1805 708
16 1805 575
17 1809.46 568.464
18 2071 567
19 2077.54 571.464
20 2079 902
21 2074.54 908.536
22 1813 910
23 1806.46 905.536
24 1805 769
25 1794 769
26 1794 1071
27 1805 1071
28 1805 929
29 1809.46 922.464
30 2071 921
31 2077.54 925.464
32 2079 1291
33 2074.54 1297.54
34 1811 1299
35 1804.46 1294.54
36 1803 1150
37 1791 1150
38 1791 1451
39 1803 1451
40 1803 1318
41 1807.46 1311.46
42 2071 1310
43 2077.54 1314.46
44 2079 1645
45 2074.54 1651.54
46 1811 1653
47 1804.46 1648.54
48 1803 1512
49 1791 1512
50 1791 1813
51 1803 1813
52 1803 1672
53 1807.46 1665.46
54 2071 1664
55 2077.54 1668.46
56 2079 1892
57 2074.54 1898.54
58 1807 1900
59 1807 1912
60 2071 1912
61 2077.54 1916.46
62 2079 2332
63 2074.54 2338.54
64 1880 2340
65 1873.46 2335.54
66 1872 2074
67 1876.46 2067.46
68 2021 2066
69 2021 2055
70 1719 2055
71 1719 2066
72 1852 2066
73 1858.54 2070.46
74 1860 2332
75 1855.54 2338.54
76 1526 2340
77 1519.46 2335.54
78 1518 2074
79 1522.46 2067.46
80 1659 2066
81 1659 2055
82 1357 2055
83 1357 2066
84 1498 2066
85 1504.54 2070.46
86 1506 2332
87 1501.54 2338.54
88 1137 2340
89 1130.46 2335.54
90 1129 2072
91 1133.46 2065.46
92 1278 2064
93 1278 2052
94 977 2052
95 977 2064
96 1110 2064
97 1116.54 2068.46
98 1118 2332
99 1113.54 2338.54
100 783 2340
101 776.464 2335.54
102 775 2072
103 779.464 2065.46
104 916 2064
105 916 2052
106 615 2052
107 615 2064
108 756 2064
109 762.536 2068.46
110 764 2332
111 759.536 2338.54
112 634 2340
113 627.464 2335.54
114 626 2143
115 615 2143
116 615 2332
117 610.536 2338.54
118 24 2340
119 17.4645 2335.54
120 16 2103
121 20.4645 2096.46
122 284 2095
123 290.536 2099.46
124 292 2237
125 304 2237
126 304 1935
127 292 1935
128 292 2076
129 287.536 2082.54
130 24 2084
131 17.4645 2079.54
132 16 1731
133 20.4645 1724.46
134 284 1723
135 290.536 1727.46
136 292 1875
137 304 1875
138 304 1573
139 292 1573
140 292 1703
141 287.536 1709.54
142 24 1711
143 17.4645 1706.54
144 16 1350
145 20.4645 1343.46
146 284 1342
147 290.536 1346.46
148 292 1491
149 304 1491
150 304 1190
151 292 1190
152 292 1323
153 287.536 1329.54
154 24 1331
155 17.4645 1326.54
156 16 996
157 20.4645 989.464
158 284 988
159 290.536 992.464
160 292 1129
161 304 1129
162 304 828
163 292 828
164 292 969
165 287.536 975.536
166 24 977
167 17.4645 972.536
168 16 607
169 20.4645 600.464
170 287 599
171 293.536 603.464
172 295 748
173 306 748
174 306 447
175 295 447
176 295 580
177 290.536 586.536
178 24 588
179 17.4645 583.536
180 16 253
181 20.4645 246.464
182 287 245
183 293.536 249.464
184 295 386
185 306 386
186 306 85
187 295 85
188 295 226
189 290.536 232.536
190 24 234
191 17.4645 229.536
192 16 21
193 21 16
194 1440 1017
195 1480 1017
196 1480 889
197 1440 889
198 1437 1209
199 1478 1209
200 1478 1081
201 1437 1081
202 1429 772
203 1470 772
204 1470 644
205 1429 644
206 950 445
207 1347 445
208 1347 434
209 950 434
210 1238 1214
211 1278 1214
212 1278 1086
213 1238 1086
214 1235 770
215 1275 770
216 1275 641
217 1235 641
218 1235 996
219 1275 996
220 1275 868
221 1235 868
222 1035 772
223 1076 772
224 1076 644
225 1035 644
226 553 591
227 565 591
228 565 458
229 569.464 451.464
230 817 450
231 823.536 454.464
232 825 785
233 820.536 791.536
234 573 793
235 566.464 788.536
236 565 652
237 553 652
238 553 953
239 565 953
240 565 812
241 569.464 805.464
242 817 804
243 823.536 808.464
244 825 1174
245 820.536 1180.54
246 570 1182
247 563.464 1177.54
248 562 1033
249 551 1033
250 551 1334
251 562 1334
252 562 1201
253 566.464 1194.46
254 817 1193
255 823.536 1197.46
256 825 1528
257 820.536 1534.54
258 570 1536
259 563.464 1531.54
260 562 1395
261 551 1395
262 551 1712
263 748 1712
264 748 1701
265 570 1701
266 563.464 1696.54
267 562 1555
268 566.464 1548.46
269 817 1547
270 823.536 1551.46
271 825 1699
272 836 1699
273 836 439
274 573 439
275 566.464 434.536
276 565 290
277 553 290

[MAP_BORDER]
0
1
2
3
4
5
6
7
8
9
10
11
12
13
14
15
16
17
18
19
20
21
22
23
24
25
26
27
28
29
30
31
32
33
34
35
36
37
38
39
40
41
42
43
44
45
46
47
48
49
50
51
52
53
54
55
56
57
58
59
60
61
62
63
64
65
66
67
68
69
70
71
72
73
74
75
76
77
78
79
80
81
82
83
84
85
86
87
88
89
90
91
92
93
94
95
96
97
98
99
100
101
102
103
104
105
106
107
108
109
110
111
112
113
114
115
116
117
118
119
120
121
122
123
124
125
126
127
128
129
130
131
132
133
134
135
136
137
138
139
140
141
142
143
144
145
146
147
148
149
150
151
152
153
154
155
156
157
158
159
160
161
162
163
164
165
166
167
168
169
170
171
172
173
174
175
176
177
178
179
180
181
182
183
184
185
186
187
188
189
190
191
192
193

[MAP_OBSTACLE]
194
195
196
197

[MAP_OBSTACLE]
198
199
200
201

[MAP_OBSTACLE]
202
203
204
205

[MAP_OBSTACLE]
206
207
208
209

[MAP_OBSTACLE]
210
211
212
213

[MAP_OBSTACLE]
214
215
216
217

[MAP_OBSTACLE]
218
219
220
221

[MAP_OBSTACLE]
222
223
224
225

[MAP_OBSTACLE]
226
227
228
229
230
231
232
233
234
235
236
237
238
239
240
241
242
243
244
245
246
247
248
249
250
251
252
253
254
255
256
257
258
259
260
261
262
263
264
265
266
267
268
269
270
271
272
273
274
275
276
277

[CITY_POINTS]
0 1200 40
1 117 133
2 177 1088
3 132 2195
4 1827 116
5 1694 552
6 1694 852
7 1264 116
8 453 873
9 1691 1197
10 1769 319
11 403 2180
12 1445 1955
13 581 116
14 1691 1811
15 967 334
16 453 361
17 679 1952
18 1093 864
19 1462 1309
20 451 1228
21 936 1548
22 1538 116
23 1200 1952
24 816 116
25 1691 1423
26 1172 1286
27 1302 334
28 404 1858
29 1977 285
30 861 1785
31 1569 1038
32 1142 1075
33 982 1952
34 1040 116
35 667 1435
36 936 585
37 1141 545
38 1962 809
39 1978 1795
40 1976 2224
41 1410 1683
42 1274 1590
43 1662 1748
44 1139 1799
45 1476 427
46 153 762
47 163 1286
48 133 1578
49 151 1934
50 478 92
51 415 1163
52 570 2070
53 648 2166
54 462 2213
55 506 1813
56 638 1279
57 919 946
58 1225 2168
59 1382 1021
60 1440 859
61 1613 783
62 1634 1958
63 1816 2035
64 1887 1986
65 1891 1164
66 1933 674
67 1992 198
68 185.75 406.25
69 185.5 826
70 122.5 1481.5
71 143.5 1880
72 929.5 1179.5
73 444.5 1533.5
74 446.5 660.5
75 757 341
76 1388 543.5
77 709.875 1003.375
78 710.5 610.5
79 936 2215
80 1347 2225
81 1677 2220.5
82 1974 1090
83 1949.25 1488.75
84 755.5 1670.5
85 1866 503.5

[MAP_VISIBILITY_GRAPH]
MAP_VERTEX 0
1
2
3
4
12
13
197
212
213
203
204
205
215
216
217
224
225
207
208
209
273
274
275
276
277
186
187
192
193

[MAP_VISIBILITY_GRAPH]
MAP_VERTEX 1
193
0
2
3
4
12
13
197
212
213
203
204
205
215
216
217
224
225
207
208
209
273
274
275
276
277
186
187
192

[MAP_VISIBILITY_GRAPH]
MAP_VERTEX 2
276
186
192
193
0
1
3
4
12
13

[MAP_VISIBILITY_GRAPH]
MAP_VERTEX 3
12
276
186
192
193
0
1
2
4

[MAP_VISIBILITY_GRAPH]
MAP_VERTEX 4
12
276
186
192
193
0
1
2
3
5
10
11

[MAP_VISIBILITY_GRAPH]
MAP_VERTEX 5
12
4
6
7
8
9
10
11

[MAP_VISIBILITY_GRAPH]
MAP_VERTEX 6
7
8
9
10
11
5

[MAP_VISIBILITY_GRAPH]
MAP_VERTEX 7
5
6
8
9
10
11

[MAP_VISIBILITY_GRAPH]
MAP_VERTEX 8
12
5
6
7
9
10
11

[MAP_VISIBILITY_GRAPH]
MAP_VERTEX 9
11
12
5
6
7
8
10

[MAP_VISIBILITY_GRAPH]
MAP_VERTEX 10
11
12
4
5
6
7
8
9

[MAP_VISIBILITY_GRAPH]
MAP_VERTEX 11
12
4
5
6
7
8
9
10

[MAP_VISIBILITY_GRAPH]
MAP_VERTEX 12
276
186
192
193
0
1
2
3
4
5
8
9
10
11
13

[MAP_VISIBILITY_GRAPH]
MAP_VERTEX 13
276
186
192
193
0
1
2
12
14
37
70
80
81
82
92
93
199
200
195
196
197
212
213
219
203
204
205
216
217
224
225
207
208
209
274
275

[MAP_VISIBILITY_GRAPH]
MAP_VERTEX 14
204
273
206
207
208
13
15
20
21
24
25
37
70
80
81
82
92
93
94
100
101
199
200
201
272
195
196
197
220
221
203

[MAP_VISIBILITY_GRAPH]
MAP_VERTEX 15
16
17
18
19
20
21
22
23
24
25
82
92
93
94
100
101
199
200
201
211
195
196
197
220
221
203
14

[MAP_VISIBILITY_GRAPH]
MAP_VERTEX 16
17
18
19
20
21
22
23
15

[MAP_VISIBILITY_GRAPH]
MAP_VERTEX 17
18
19
20
21
22
23
24
15
16

[MAP_VISIBILITY_GRAPH]
MAP_VERTEX 18
19
20
21
22
23
24
25
196
15
16
17

[MAP_VISIBILITY_GRAPH]
MAP_VERTEX 19
17
18
20
21
22
23
24
25
196
15
16

[MAP_VISIBILITY_GRAPH]
MAP_VERTEX 20
24
207
208
14
15
16
17
18
19
21
22
23

[MAP_VISIBILITY_GRAPH]
MAP_VERTEX 21
23
24
207
208
14
15
16
17
18
19
20
22

[MAP_VISIBILITY_GRAPH]
MAP_VERTEX 22
23
24
15
16
17
18
19
20
21

[MAP_VISIBILITY_GRAPH]
MAP_VERTEX 23
24
15
16
17
18
19
20
21
22

[MAP_VISIBILITY_GRAPH]
MAP_VERTEX 24
204
206
207
208
14
15
17
18
19
20
21
22
23
25

[MAP_VISIBILITY_GRAPH]
MAP_VERTEX 25
204
207
208
14
15
18
19
24
26
37
70
80
81
82
92
93
94
100
101
104
105
199
200
201
211
195
196
197
220
221
203

[MAP_VISIBILITY_GRAPH]
MAP_VERTEX 26
218
219
194
195
196
215
202
203
204
207
208
25
27
32
33
36
37
70
80
81
82
88
92
93
94
104
105
106
125
272
199
200
201
213

[MAP_VISIBILITY_GRAPH]
MAP_VERTEX 27
28
29
30
31
32
33
34
35
36
37
82
88
92
93
94
104
105
106
125
272
199
200
201
213
26

[MAP_VISIBILITY_GRAPH]
MAP_VERTEX 28
29
30
31
32
33
34
27

[MAP_VISIBILITY_GRAPH]
MAP_VERTEX 29
30
31
32
33
34
35
36
27
28

[MAP_VISIBILITY_GRAPH]
MAP_VERTEX 30
31
32
33
34
35
36
37
106
125
272
27
28
29

[MAP_VISIBILITY_GRAPH]
MAP_VERTEX 31
29
30
32
33
34
35
36
37
106
125
272
27
28

[MAP_VISIBILITY_GRAPH]
MAP_VERTEX 32
36
196
26
27
28
29
30
31
33
34
35

[MAP_VISIBILITY_GRAPH]
MAP_VERTEX 33
35
36
196
26
27
28
29
30
31
32
34

[MAP_VISIBILITY_GRAPH]
MAP_VERTEX 34
35
36
27
28
29
30
31
32
33

[MAP_VISIBILITY_GRAPH]
MAP_VERTEX 35
36
27
29
30
31
32
33
34

[MAP_VISIBILITY_GRAPH]
MAP_VERTEX 36
200
218
219
194
195
196
216
202
203
204
207
208
26
27
29
30
31
32
33
34
35
37

[MAP_VISIBILITY_GRAPH]
MAP_VERTEX 37
200
218
219
194
195
196
216
202
203
204
207
208
13
14
25
26
27
30
31
36
38
70
80
81
82
88
89
92
93
94
104
105
106
125
272
199

[MAP_VISIBILITY_GRAPH]
MAP_VERTEX 38
210
211
198
199
200
206
214
194
195
196
202
203
204
37
39
44
45
48
49
70
80
81
82
88
89
92
93
94
104
105
106
126
127
137
272

[MAP_VISIBILITY_GRAPH]
MAP_VERTEX 39
40
41
42
43
44
45
46
47
48
49
80
81
82
88
89
92
93
94
104
105
106
126
127
137
272
38

[MAP_VISIBILITY_GRAPH]
MAP_VERTEX 40
41
42
43
44
45
46
47
39

[MAP_VISIBILITY_GRAPH]
MAP_VERTEX 41
42
43
44
45
46
47
48
39
40

[MAP_VISIBILITY_GRAPH]
MAP_VERTEX 42
43
44
45
46
47
48
49
94
104
105
39
40
41

[MAP_VISIBILITY_GRAPH]
MAP_VERTEX 43
41
42
44
45
46
47
48
49
94
104
105
106
39
40

[MAP_VISIBILITY_GRAPH]
MAP_VERTEX 44
48
210
211
38
39
40
41
42
43
45
46
47

[MAP_VISIBILITY_GRAPH]
MAP_VERTEX 45
47
48
210
211
198
38
39
40
41
42
43
44
46

[MAP_VISIBILITY_GRAPH]
MAP_VERTEX 46
47
48
39
40
41
42
43
44
45

[MAP_VISIBILITY_GRAPH]
MAP_VERTEX 47
48
39
40
41
42
43
44
45
46

[MAP_VISIBILITY_GRAPH]
MAP_VERTEX 48
210
211
212
198
199
200
194
195
196
202
203
204
38
39
41
42
43
44
45
46
47
49

[MAP_VISIBILITY_GRAPH]
MAP_VERTEX 49
210
211
212
198
199
200
194
195
196
202
203
204
38
39
42
43
48
50
70
80
81
82
89
92
93
94
104
105
106
126
127
137
272

[MAP_VISIBILITY_GRAPH]
MAP_VERTEX 50
262
263
264
271
272
210
211
212
223
218
219
198
199
200
195
196
203
204
49
51
56
57
58
59
70
76
77
80
81
82
92
93
94
104
105
106
126
127
137

[MAP_VISIBILITY_GRAPH]
MAP_VERTEX 51
52
53
54
55
56
57
58
59
70
76
77
80
81
82
92
93
94
104
105
106
126
127
137
50

[MAP_VISIBILITY_GRAPH]
MAP_VERTEX 52
53
54
55
56
57
58
59
51

[MAP_VISIBILITY_GRAPH]
MAP_VERTEX 53
54
55
56
57
58
51
52

[MAP_VISIBILITY_GRAPH]
MAP_VERTEX 54
55
56
57
58
51
52
53

[MAP_VISIBILITY_GRAPH]
MAP_VERTEX 55
53
54
56
57
58
82
51
52

[MAP_VISIBILITY_GRAPH]
MAP_VERTEX 56
136
137
262
263
264
271
272
50
51
52
53
54
55
57
58
126
127

[MAP_VISIBILITY_GRAPH]
MAP_VERTEX 57
136
137
262
263
264
271
272
50
51
52
53
54
55
56
58

[MAP_VISIBILITY_GRAPH]
MAP_VERTEX 58
136
137
262
263
264
271
272
210
211
212
223
218
219
198
199
200
195
196
203
204
50
51
52
53
54
55
56
57
59
70
76
77
80
81
82
92
93
94
105
106
126
127

[MAP_VISIBILITY_GRAPH]
MAP_VERTEX 59
136
137
262
263
264
271
272
210
211
212
218
219
198
199
200
195
196
203
204
50
51
52
58
60
61
69
70
76
77
80
81
82
92
93
94
105
106
126
127

[MAP_VISIBILITY_GRAPH]
MAP_VERTEX 60
61
62
63
68
69
70
80
81
82
92
93
94
105
106
126
127
59

[MAP_VISIBILITY_GRAPH]
MAP_VERTEX 61
59
60
62
63
68
69
70
80
81
82
92
93
94
105
106
126
127

[MAP_VISIBILITY_GRAPH]
MAP_VERTEX 62
66
67
68
69
60
61
63
64
65

[MAP_VISIBILITY_GRAPH]
MAP_VERTEX 63
65
66
67
68
69
60
61
62
64

[MAP_VISIBILITY_GRAPH]
MAP_VERTEX 64
65
66
67
68
62
63

[MAP_VISIBILITY_GRAPH]
MAP_VERTEX 65
66
67
68
62
63
64

[MAP_VISIBILITY_GRAPH]
MAP_VERTEX 66
67
68
62
63
64
65

[MAP_VISIBILITY_GRAPH]
MAP_VERTEX 67
68
62
63
64
65
66

[MAP_VISIBILITY_GRAPH]
MAP_VERTEX 68
69
60
61
62
63
64
65
66
67

[MAP_VISIBILITY_GRAPH]
MAP_VERTEX 69
93
126
136
137
262
263
264
271
272
59
60
61
62
63
68
70

[MAP_VISIBILITY_GRAPH]
MAP_VERTEX 70
93
126
136
137
262
263
264
271
272
210
211
212
219
220
215
198
199
200
195
196
203
204
13
14
25
26
37
38
49
50
51
58
59
60
61
69
71
76
77
80
81

[MAP_VISIBILITY_GRAPH]
MAP_VERTEX 71
81
262
263
264
271
272
210
211
212
219
220
215
198
199
200
195
196
203
204
70
72
73
74
75
76
77
78
79
80

[MAP_VISIBILITY_GRAPH]
MAP_VERTEX 72
73
74
75
76
77
78
79
71

[MAP_VISIBILITY_GRAPH]
MAP_VERTEX 73
79
80
71
72
74
75
76
77
78

[MAP_VISIBILITY_GRAPH]
MAP_VERTEX 74
78
79
80
81
210
71
72
73
75
76
77

[MAP_VISIBILITY_GRAPH]
MAP_VERTEX 75
77
78
79
80
81
210
211
71
72
73
74
76

[MAP_VISIBILITY_GRAPH]
MAP_VERTEX 76
77
78
79
80
50
51
58
59
70
71
72
73
74
75

[MAP_VISIBILITY_GRAPH]
MAP_VERTEX 77
78
79
80
50
51
58
59
70
71
72
73
74
75
76

[MAP_VISIBILITY_GRAPH]
MAP_VERTEX 78
79
80
71
72
73
74
75
76
77

[MAP_VISIBILITY_GRAPH]
MAP_VERTEX 79
80
71
72
73
74
75
76
77
78

[MAP_VISIBILITY_GRAPH]
MAP_VERTEX 80
81
13
14
25
26
37
38
39
49
50
51
58
59
60
61
70
71
73
74
75
76
77
78
79

[MAP_VISIBILITY_GRAPH]
MAP_VERTEX 81
93
126
136
137
262
263
264
271
272
273
210
211
212
219
220
215
216
198
199
200
195
196
203
204
13
14
25
26
37
38
39
49
50
51
58
59
60
61
70
71
74
75
80
82

[MAP_VISIBILITY_GRAPH]
MAP_VERTEX 82
93
126
136
137
262
263
264
267
268
271
272
273
206
222
223
224
210
211
212
219
220
215
216
207
208
205
202
197
194
201
198
199
13
14
15
25
26
27
37
38
39
49
50
51
55
58
59
60
61
81
83
88
89
92

[MAP_VISIBILITY_GRAPH]
MAP_VERTEX 83
91
92
93
136
137
262
263
264
267
268
271
272
273
206
222
223
224
210
211
212
219
220
215
216
207
208
82
84
85
86
87
88
89
90

[MAP_VISIBILITY_GRAPH]
MAP_VERTEX 84
85
86
87
88
89
90
83

[MAP_VISIBILITY_GRAPH]
MAP_VERTEX 85
91
92
83
84
86
87
88
89
90

[MAP_VISIBILITY_GRAPH]
MAP_VERTEX 86
90
91
92
93
83
84
85
87
88
89

[MAP_VISIBILITY_GRAPH]
MAP_VERTEX 87
89
90
91
92
93
83
84
85
86
88

[MAP_VISIBILITY_GRAPH]
MAP_VERTEX 88
89
90
91
92
26
27
37
38
39
82
83
84
85
86
87

[MAP_VISIBILITY_GRAPH]
MAP_VERTEX 89
90
91
92
37
38
39
49
82
83
84
85
86
87
88

[MAP_VISIBILITY_GRAPH]
MAP_VERTEX 90
91
92
83
84
85
86
87
88
89

[MAP_VISIBILITY_GRAPH]
MAP_VERTEX 91
92
83
85
86
87
88
89
90

[MAP_VISIBILITY_GRAPH]
MAP_VERTEX 92
93
207
205
202
197
194
201
198
199
13
14
15
25
26
27
37
38
39
49
50
51
58
59
60
61
82
83
85
86
87
88
89
90
91

[MAP_VISIBILITY_GRAPH]
MAP_VERTEX 93
126
136
137
262
263
264
267
268
271
272
273
206
222
223
224
210
211
207
205
202
197
194
201
198
199
13
14
15
25
26
27
37
38
39
49
50
51
58
59
60
61
69
70
81
82
83
86
87
92
94

[MAP_VISIBILITY_GRAPH]
MAP_VERTEX 94
126
136
137
138
144
145
262
263
264
271
272
273
206
225
222
223
217
214
221
218
213
210
211
203
197
194
201
198
199
14
15
25
26
27
37
38
39
42
43
49
50
51
58
59
60
61
93
95
100
101
104
105

[MAP_VISIBILITY_GRAPH]
MAP_VERTEX 95
105
136
137
138
144
145
262
263
264
271
272
273
206
94
96
97
98
99
100
101
102
103
104

[MAP_VISIBILITY_GRAPH]
MAP_VERTEX 96
97
98
99
100
101
102
103
95

[MAP_VISIBILITY_GRAPH]
MAP_VERTEX 97
103
104
95
96
98
99
100
101
102

[MAP_VISIBILITY_GRAPH]
MAP_VERTEX 98
102
103
104
105
263
264
95
96
97
99
100
101

[MAP_VISIBILITY_GRAPH]
MAP_VERTEX 99
101
102
103
104
105
263
264
95
96
97
98
100

[MAP_VISIBILITY_GRAPH]
MAP_VERTEX 100
101
102
103
104
194
201
198
199
14
15
25
94
95
96
97
98
99

[MAP_VISIBILITY_GRAPH]
MAP_VERTEX 101
102
103
104
201
198
199
14
15
25
94
95
96
97
98
99
100

[MAP_VISIBILITY_GRAPH]
MAP_VERTEX 102
103
104
95
96
97
98
99
100
101

[MAP_VISIBILITY_GRAPH]
MAP_VERTEX 103
104
95
96
97
98
99
100
101
102

[MAP_VISIBILITY_GRAPH]
MAP_VERTEX 104
105
209
206
225
222
223
217
214
221
218
213
210
211
203
197
194
201
198
199
25
26
27
37
38
39
42
43
49
50
51
94
95
97
98
99
100
101
102
103

[MAP_VISIBILITY_GRAPH]
MAP_VERTEX 105
126
136
137
138
145
148
149
262
263
264
271
272
273
209
206
225
222
223
217
214
221
218
213
210
211
203
197
194
201
198
199
25
26
27
37
38
39
42
43
49
50
51
58
59
60
61
94
95
98
99
104
106

[MAP_VISIBILITY_GRAPH]
MAP_VERTEX 106
126
132
136
137
138
148
149
150
160
161
162
172
173
174
184
262
263
269
270
271
272
202
213
210
211
194
195
201
198
199
26
27
30
31
37
38
39
43
49
50
51
58
59
60
61
105
107
117
125

[MAP_VISIBILITY_GRAPH]
MAP_VERTEX 107
126
132
133
136
137
138
148
149
150
160
161
162
172
173
174
184
185
262
106
108
109
110
111
114
115
117
125

[MAP_VISIBILITY_GRAPH]
MAP_VERTEX 108
109
110
111
112
113
114
115
125
107

[MAP_VISIBILITY_GRAPH]
MAP_VERTEX 109
107
108
110
111
112
113
114
115
118
125

[MAP_VISIBILITY_GRAPH]
MAP_VERTEX 110
114
138
148
107
108
109
111
112
113

[MAP_VISIBILITY_GRAPH]
MAP_VERTEX 111
113
114
138
148
149
107
108
109
110
112

[MAP_VISIBILITY_GRAPH]
MAP_VERTEX 112
113
114
108
109
110
111

[MAP_VISIBILITY_GRAPH]
MAP_VERTEX 113
114
108
109
110
111
112

[MAP_VISIBILITY_GRAPH]
MAP_VERTEX 114
126
132
133
136
137
138
148
149
150
160
161
162
172
173
174
184
185
262
107
108
109
110
111
112
113
115

[MAP_VISIBILITY_GRAPH]
MAP_VERTEX 115
126
132
133
136
137
138
148
149
150
160
161
162
172
173
174
184
185
186
262
107
108
109
114
116
117
118
119
125

[MAP_VISIBILITY_GRAPH]
MAP_VERTEX 116
124
125
126
136
137
138
148
149
150
160
161
162
172
173
174
185
186
262
115
117
118
119

[MAP_VISIBILITY_GRAPH]
MAP_VERTEX 117
119
124
125
126
136
137
138
148
149
150
160
161
162
172
173
174
185
186
262
106
107
115
116
118

[MAP_VISIBILITY_GRAPH]
MAP_VERTEX 118
119
120
121
122
123
124
125
109
115
116
117

[MAP_VISIBILITY_GRAPH]
MAP_VERTEX 119
120
121
122
123
124
125
115
116
117
118

[MAP_VISIBILITY_GRAPH]
MAP_VERTEX 120
121
122
123
124
118
119

[MAP_VISIBILITY_GRAPH]
MAP_VERTEX 121
122
123
124
118
119
120

[MAP_VISIBILITY_GRAPH]
MAP_VERTEX 122
123
124
118
119
120
121

[MAP_VISIBILITY_GRAPH]
MAP_VERTEX 123
121
122
124
118
119
120

[MAP_VISIBILITY_GRAPH]
MAP_VERTEX 124
120
121
122
123
125
116
117
118
119

[MAP_VISIBILITY_GRAPH]
MAP_VERTEX 125
126
173
277
226
237
238
239
249
250
251
261
262
263
271
272
198
199
26
27
30
31
37
106
107
108
109
115
116
117
118
119
124

[MAP_VISIBILITY_GRAPH]
MAP_VERTEX 126
132
133
136
137
173
277
226
237
238
239
249
250
251
261
262
263
271
272
38
39
49
50
51
56
58
59
60
61
69
70
81
82
93
94
105
106
107
114
115
116
117
125
127

[MAP_VISIBILITY_GRAPH]
MAP_VERTEX 127
132
133
134
135
136
137
227
237
238
239
249
250
251
261
262
263
271
272
38
39
49
50
51
56
58
59
60
61
126
128
129
130
131

[MAP_VISIBILITY_GRAPH]
MAP_VERTEX 128
132
133
134
135
127
129
130
131

[MAP_VISIBILITY_GRAPH]
MAP_VERTEX 129
131
132
133
134
135
136
127
128
130

[MAP_VISIBILITY_GRAPH]
MAP_VERTEX 130
131
132
133
134
135
136
137
262
127
128
129

[MAP_VISIBILITY_GRAPH]
MAP_VERTEX 131
132
133
134
135
136
137
262
127
128
129
130

[MAP_VISIBILITY_GRAPH]
MAP_VERTEX 132
133
134
135
136
106
107
114
115
126
127
128
129
130
131

[MAP_VISIBILITY_GRAPH]
MAP_VERTEX 133
134
135
136
107
114
115
126
127
128
129
130
131
132

[MAP_VISIBILITY_GRAPH]
MAP_VERTEX 134
135
136
127
128
129
130
131
132
133

[MAP_VISIBILITY_GRAPH]
MAP_VERTEX 135
133
134
136
127
128
129
130
131
132

[MAP_VISIBILITY_GRAPH]
MAP_VERTEX 136
132
133
134
135
137
56
57
58
59
69
70
81
82
83
93
94
95
105
106
107
114
115
116
117
126
127
129
130
131

[MAP_VISIBILITY_GRAPH]
MAP_VERTEX 137
138
173
277
226
227
237
238
239
249
250
251
261
262
263
271
272
38
39
49
50
51
56
57
58
59
69
70
81
82
83
93
94
95
105
106
107
114
115
116
117
126
127
130
131
136

[MAP_VISIBILITY_GRAPH]
MAP_VERTEX 138
144
145
148
149
173
277
226
227
237
238
239
249
250
251
254
255
261
262
94
95
105
106
107
110
111
114
115
116
117
137
139

[MAP_VISIBILITY_GRAPH]
MAP_VERTEX 139
144
145
146
147
148
149
277
226
227
237
238
239
249
250
251
254
255
261
138
140
141
142
143

[MAP_VISIBILITY_GRAPH]
MAP_VERTEX 140
144
145
146
147
139
141
142
143

[MAP_VISIBILITY_GRAPH]
MAP_VERTEX 141
143
144
145
146
147
148
139
140
142

[MAP_VISIBILITY_GRAPH]
MAP_VERTEX 142
143
144
145
146
147
148
149
250
251
254
255
261
139
140
141

[MAP_VISIBILITY_GRAPH]
MAP_VERTEX 143
144
145
146
147
148
149
250
251
254
255
261
139
140
141
142

[MAP_VISIBILITY_GRAPH]
MAP_VERTEX 144
145
146
147
148
262
94
95
138
139
140
141
142
143

[MAP_VISIBILITY_GRAPH]
MAP_VERTEX 145
146
147
148
262
94
95
105
138
139
140
141
142
143
144

[MAP_VISIBILITY_GRAPH]
MAP_VERTEX 146
147
148
139
140
141
142
143
144
145

[MAP_VISIBILITY_GRAPH]
MAP_VERTEX 147
145
146
148
139
140
141
142
143
144

[MAP_VISIBILITY_GRAPH]
MAP_VERTEX 148
144
145
146
147
149
262
105
106
107
110
111
114
115
116
117
138
139
141
142
143

[MAP_VISIBILITY_GRAPH]
MAP_VERTEX 149
150
173
277
226
227
237
238
239
249
250
251
254
255
261
262
105
106
107
111
114
115
116
117
138
139
142
143
148

[MAP_VISIBILITY_GRAPH]
MAP_VERTEX 150
156
157
160
161
173
277
226
227
237
238
239
242
243
249
250
256
257
260
261
262
106
107
114
115
116
117
149
151

[MAP_VISIBILITY_GRAPH]
MAP_VERTEX 151
156
157
158
159
160
161
277
226
227
237
238
239
242
243
249
150
152
153
154
155

[MAP_VISIBILITY_GRAPH]
MAP_VERTEX 152
156
157
158
159
151
153
154
155

[MAP_VISIBILITY_GRAPH]
MAP_VERTEX 153
155
156
157
158
159
160
151
152
154

[MAP_VISIBILITY_GRAPH]
MAP_VERTEX 154
155
156
157
158
159
160
161
238
239
242
243
249
151
152
153

[MAP_VISIBILITY_GRAPH]
MAP_VERTEX 155
156
157
158
159
160
161
239
242
243
249
151
152
153
154

[MAP_VISIBILITY_GRAPH]
MAP_VERTEX 156
157
158
159
160
250
256
257
150
151
152
153
154
155

[MAP_VISIBILITY_GRAPH]
MAP_VERTEX 157
158
159
160
250
256
257
150
151
152
153
154
155
156

[MAP_VISIBILITY_GRAPH]
MAP_VERTEX 158
159
160
151
152
153
154
155
156
157

[MAP_VISIBILITY_GRAPH]
MAP_VERTEX 159
157
158
160
151
152
153
154
155
156

[MAP_VISIBILITY_GRAPH]
MAP_VERTEX 160
156
157
158
159
161
250
260
261
262
106
107
114
115
116
117
150
151
153
154
155

[MAP_VISIBILITY_GRAPH]
MAP_VERTEX 161
162
173
277
226
227
237
238
239
242
243
249
250
260
261
262
106
107
114
115
116
117
150
151
154
155
160

[MAP_VISIBILITY_GRAPH]
MAP_VERTEX 162
168
169
172
173
277
226
227
230
231
237
238
244
245
248
249
250
260
261
262
106
107
114
115
116
117
161
163

[MAP_VISIBILITY_GRAPH]
MAP_VERTEX 163
168
169
170
171
172
173
277
226
227
230
231
237
162
164
165
166
167

[MAP_VISIBILITY_GRAPH]
MAP_VERTEX 164
168
169
170
163
165
166
167

[MAP_VISIBILITY_GRAPH]
MAP_VERTEX 165
167
168
169
170
171
163
164
166

[MAP_VISIBILITY_GRAPH]
MAP_VERTEX 166
167
168
169
170
171
172
173
226
227
230
231
237
163
164
165

[MAP_VISIBILITY_GRAPH]
MAP_VERTEX 167
168
169
170
171
172
173
226
227
230
231
237
163
164
165
166

[MAP_VISIBILITY_GRAPH]
MAP_VERTEX 168
169
170
171
172
238
244
245
162
163
164
165
166
167

[MAP_VISIBILITY_GRAPH]
MAP_VERTEX 169
170
171
172
238
244
245
248
162
163
164
165
166
167
168

[MAP_VISIBILITY_GRAPH]
MAP_VERTEX 170
171
172
163
164
165
166
167
168
169

[MAP_VISIBILITY_GRAPH]
MAP_VERTEX 171
169
170
172
163
165
166
167
168

[MAP_VISIBILITY_GRAPH]
MAP_VERTEX 172
168
169
170
171
173
238
244
245
248
249
250
260
261
262
106
107
114
115
116
117
162
163
166
167

[MAP_VISIBILITY_GRAPH]
MAP_VERTEX 173
174
277
226
227
230
231
237
238
245
248
249
250
260
261
262
106
107
114
115
116
117
125
126
137
138
149
150
161
162
163
166
167
172

[MAP_VISIBILITY_GRAPH]
MAP_VERTEX 174
180
181
184
185
277
226
232
233
236
237
238
248
249
250
260
261
262
106
107
114
115
116
117
173
175

[MAP_VISIBILITY_GRAPH]
MAP_VERTEX 175
180
181
182
183
184
185
277
174
176
177
178
179

[MAP_VISIBILITY_GRAPH]
MAP_VERTEX 176
180
181
182
183
175
177
178
179

[MAP_VISIBILITY_GRAPH]
MAP_VERTEX 177
179
180
181
182
183
184
175
176
178

[MAP_VISIBILITY_GRAPH]
MAP_VERTEX 178
179
180
181
182
183
184
185
277
175
176
177

[MAP_VISIBILITY_GRAPH]
MAP_VERTEX 179
180
181
182
183
184
185
277
175
176
177
178

[MAP_VISIBILITY_GRAPH]
MAP_VERTEX 180
181
182
183
184
226
232
174
175
176
177
178
179

[MAP_VISIBILITY_GRAPH]
MAP_VERTEX 181
182
183
184
226
232
233
174
175
176
177
178
179
180

[MAP_VISIBILITY_GRAPH]
MAP_VERTEX 182
183
184
175
176
177
178
179
180
181

[MAP_VISIBILITY_GRAPH]
MAP_VERTEX 183
181
182
184
175
176
177
178
179
180

[MAP_VISIBILITY_GRAPH]
MAP_VERTEX 184
180
181
182
183
185
226
236
237
238
248
249
250
260
261
262
106
107
114
115
174
175
177
178
179

[MAP_VISIBILITY_GRAPH]
MAP_VERTEX 185
186
277
226
236
237
238
248
249
250
260
261
262
107
114
115
116
117
174
175
178
179
184

[MAP_VISIBILITY_GRAPH]
MAP_VERTEX 186
192
193
0
1
2
3
4
12
13
208
209
206
216
217
273
276
277
226
236
237
238
248
249
250
260
261
262
115
116
117
185
187

[MAP_VISIBILITY_GRAPH]
MAP_VERTEX 187
192
193
0
1
186
188
189
190
191

[MAP_VISIBILITY_GRAPH]
MAP_VERTEX 188
192
193
187
189
190
191

[MAP_VISIBILITY_GRAPH]
MAP_VERTEX 189
191
192
193
187
188
190

[MAP_VISIBILITY_GRAPH]
MAP_VERTEX 190
191
192
193
187
188
189

[MAP_VISIBILITY_GRAPH]
MAP_VERTEX 191
192
193
187
188
189
190

[MAP_VISIBILITY_GRAPH]
MAP_VERTEX 192
193
0
1
2
3
4
12
13
186
187
188
189
190
191

[MAP_VISIBILITY_GRAPH]
MAP_VERTEX 193
0
1
2
3
4
12
13
186
187
188
189
190
191
192

[MAP_VISIBILITY_GRAPH]
MAP_VERTEX 194
218
219
220
224
206
214
215
216
207
208
202
197
195
26
36
37
38
48
49
200
201
82
92
93
94
100
104
105
106
211
212
213

[MAP_VISIBILITY_GRAPH]
MAP_VERTEX 195
196
13
14
15
25
26
36
37
38
48
49
50
58
59
70
71
81
199
200
201
106
272
211
212
213
194

[MAP_VISIBILITY_GRAPH]
MAP_VERTEX 196
220
222
223
214
215
216
202
203
204
13
14
15
18
19
25
26
32
33
36
37
38
48
49
50
58
59
70
71
81
195
197

[MAP_VISIBILITY_GRAPH]
MAP_VERTEX 197
220
222
223
214
215
216
207
208
202
203
0
1
13
14
15
25
196
194
201
82
92
93
94
104
105
211
212
213
219

[MAP_VISIBILITY_GRAPH]
MAP_VERTEX 198
212
218
219
220
214
215
216
207
208
202
201
199
38
45
48
49
50
58
59
70
71
81
82
92
93
94
100
101
104
105
106
125
272
211

[MAP_VISIBILITY_GRAPH]
MAP_VERTEX 199
200
195
13
14
15
25
26
27
37
38
48
49
50
58
59
70
71
81
82
92
93
94
100
101
104
105
106
125
272
211
198

[MAP_VISIBILITY_GRAPH]
MAP_VERTEX 200
218
219
220
224
206
214
215
194
195
13
14
15
25
26
27
36
37
38
48
49
50
58
59
70
71
81
199
201

[MAP_VISIBILITY_GRAPH]
MAP_VERTEX 201
218
219
220
214
215
216
207
208
202
197
194
195
14
15
25
26
27
200
198
82
92
93
94
100
101
104
105
106
272
211
212
213

[MAP_VISIBILITY_GRAPH]
MAP_VERTEX 202
214
215
216
207
208
205
203
26
36
37
38
48
49
196
197
194
201
198
82
92
93
211
212
213
106
272
219
220
221
223

[MAP_VISIBILITY_GRAPH]
MAP_VERTEX 203
204
0
1
13
14
15
25
26
36
37
38
48
49
50
58
59
70
71
81
196
197
94
104
105
211
212
213
219
220
221
202

[MAP_VISIBILITY_GRAPH]
MAP_VERTEX 204
216
273
206
207
208
0
1
13
14
24
25
26
36
37
38
48
49
50
58
59
70
71
81
196
203
205

[MAP_VISIBILITY_GRAPH]
MAP_VERTEX 205
216
273
276
206
207
208
0
1
13
204
202
82
92
93
211
212
213
219
220
221
215

[MAP_VISIBILITY_GRAPH]
MAP_VERTEX 206
273
276
186
209
207
14
24
204
205
216
217
214
194
38
200
220
221
224
225
222
82
83
93
94
95
104
105
272

[MAP_VISIBILITY_GRAPH]
MAP_VERTEX 207
208
0
1
13
14
20
21
24
25
26
36
37
204
205
202
197
194
201
198
82
83
92
93
211
212
219
220
215
216
217
223
224
225
206

[MAP_VISIBILITY_GRAPH]
MAP_VERTEX 208
276
186
0
1
13
14
20
21
24
25
26
36
37
204
205
202
197
194
201
198
82
83
207
209

[MAP_VISIBILITY_GRAPH]
MAP_VERTEX 209
276
186
0
1
13
208
206
104
105
272
273
274
275

[MAP_VISIBILITY_GRAPH]
MAP_VERTEX 210
273
222
223
224
218
213
211
38
44
45
48
49
50
58
59
70
71
74
75
81
82
83
93
94
104
105
106
272

[MAP_VISIBILITY_GRAPH]
MAP_VERTEX 211
212
207
205
202
203
197
194
195
15
25
201
198
199
38
44
45
48
49
50
58
59
70
71
75
81
82
83
93
94
104
105
106
272
210

[MAP_VISIBILITY_GRAPH]
MAP_VERTEX 212
222
223
218
219
220
215
216
207
205
202
203
0
1
13
197
194
195
201
198
48
49
50
58
59
70
71
81
82
83
211
213

[MAP_VISIBILITY_GRAPH]
MAP_VERTEX 213
222
223
224
218
219
205
202
203
0
1
13
197
194
195
26
27
201
212
210
94
104
105
106
272

[MAP_VISIBILITY_GRAPH]
MAP_VERTEX 214
224
273
206
217
215
202
196
197
194
38
200
201
198
220
221
94
104
105
272
223

[MAP_VISIBILITY_GRAPH]
MAP_VERTEX 215
216
207
0
1
205
202
26
196
197
194
200
201
198
70
71
81
82
83
212
220
221
272
223
214

[MAP_VISIBILITY_GRAPH]
MAP_VERTEX 216
273
276
186
206
207
0
1
13
204
205
202
36
37
196
197
194
201
198
81
82
83
212
215
217

[MAP_VISIBILITY_GRAPH]
MAP_VERTEX 217
273
276
186
206
207
0
1
13
216
214
94
104
105
272
223
224
225

[MAP_VISIBILITY_GRAPH]
MAP_VERTEX 218
222
223
224
221
219
194
26
36
37
200
201
198
50
58
59
212
213
210
94
104
105
272

[MAP_VISIBILITY_GRAPH]
MAP_VERTEX 219
220
207
205
202
203
13
197
194
26
36
37
200
201
198
50
58
59
70
71
81
82
83
212
213
272
218

[MAP_VISIBILITY_GRAPH]
MAP_VERTEX 220
222
223
224
206
214
215
207
205
202
203
14
15
25
196
197
194
200
201
198
70
71
81
82
83
212
219
221

[MAP_VISIBILITY_GRAPH]
MAP_VERTEX 221
222
223
224
206
214
215
205
202
203
14
15
25
220
218
94
104
105
272

[MAP_VISIBILITY_GRAPH]
MAP_VERTEX 222
273
206
225
223
196
197
220
221
218
212
213
210
82
83
93
94
104
105
272

[MAP_VISIBILITY_GRAPH]
MAP_VERTEX 223
224
207
217
214
215
202
196
197
220
221
218
50
58
212
213
210
82
83
93
94
104
105
272
222

[MAP_VISIBILITY_GRAPH]
MAP_VERTEX 224
273
206
207
0
1
13
217
214
194
200
220
221
218
213
210
82
83
93
223
225

[MAP_VISIBILITY_GRAPH]
MAP_VERTEX 225
273
206
207
0
1
13
217
224
222
94
104
105
272

[MAP_VISIBILITY_GRAPH]
MAP_VERTEX 226
174
180
181
184
185
186
277
227
232
233
236
237
249
125
126
137
138
139
149
150
151
161
162
163
166
167
173

[MAP_VISIBILITY_GRAPH]
MAP_VERTEX 227
228
229
230
231
232
233
234
235
236
237
127
137
138
139
149
150
151
161
162
163
166
167
173
226

[MAP_VISIBILITY_GRAPH]
MAP_VERTEX 228
229
230
231
232
233
234
235
227

[MAP_VISIBILITY_GRAPH]
MAP_VERTEX 229
230
231
232
233
234
235
236
227
228

[MAP_VISIBILITY_GRAPH]
MAP_VERTEX 230
231
232
233
234
235
236
237
162
163
166
167
173
227
228
229

[MAP_VISIBILITY_GRAPH]
MAP_VERTEX 231
229
230
232
233
234
235
236
237
162
163
166
167
173
227
228

[MAP_VISIBILITY_GRAPH]
MAP_VERTEX 232
236
174
180
181
226
227
228
229
230
231
233
234
235

[MAP_VISIBILITY_GRAPH]
MAP_VERTEX 233
235
236
174
181
226
227
228
229
230
231
232
234

[MAP_VISIBILITY_GRAPH]
MAP_VERTEX 234
235
236
227
228
229
230
231
232
233

[MAP_VISIBILITY_GRAPH]
MAP_VERTEX 235
236
227
228
229
230
231
232
233
234

[MAP_VISIBILITY_GRAPH]
MAP_VERTEX 236
174
184
185
186
226
227
229
230
231
232
233
234
235
237

[MAP_VISIBILITY_GRAPH]
MAP_VERTEX 237
174
184
185
186
226
227
230
231
236
238
249
125
126
127
137
138
139
149
150
151
161
162
163
166
167
173

[MAP_VISIBILITY_GRAPH]
MAP_VERTEX 238
162
168
169
172
173
174
184
185
186
237
239
244
245
248
249
125
126
127
137
138
139
149
150
151
154
161

[MAP_VISIBILITY_GRAPH]
MAP_VERTEX 239
240
241
242
243
244
245
246
247
248
249
125
126
127
137
138
139
149
150
151
154
155
161
238

[MAP_VISIBILITY_GRAPH]
MAP_VERTEX 240
241
242
243
244
245
246
239

[MAP_VISIBILITY_GRAPH]
MAP_VERTEX 241
242
243
244
245
246
247
239
240

[MAP_VISIBILITY_GRAPH]
MAP_VERTEX 242
243
244
245
246
247
248
249
150
151
154
155
161
239
240
241

[MAP_VISIBILITY_GRAPH]
MAP_VERTEX 243
241
242
244
245
246
247
248
249
150
151
154
155
161
239
240

[MAP_VISIBILITY_GRAPH]
MAP_VERTEX 244
248
162
168
169
172
238
239
240
241
242
243
245
246
247

[MAP_VISIBILITY_GRAPH]
MAP_VERTEX 245
247
248
162
168
169
172
173
238
239
240
241
242
243
244
246

[MAP_VISIBILITY_GRAPH]
MAP_VERTEX 246
247
248
239
240
241
242
243
244
245

[MAP_VISIBILITY_GRAPH]
MAP_VERTEX 247
248
239
241
242
243
244
245
246

[MAP_VISIBILITY_GRAPH]
MAP_VERTEX 248
162
169
172
173
174
184
185
186
238
239
242
243
244
245
246
247
249

[MAP_VISIBILITY_GRAPH]
MAP_VERTEX 249
162
172
173
174
184
185
186
277
226
237
238
239
242
243
248
250
125
126
127
137
138
139
149
150
151
154
155
161

[MAP_VISIBILITY_GRAPH]
MAP_VERTEX 250
150
156
157
160
161
162
172
173
174
184
185
186
249
251
256
257
260
261
125
126
127
137
138
139
142
143
149

[MAP_VISIBILITY_GRAPH]
MAP_VERTEX 251
252
253
254
255
256
257
258
259
260
261
125
126
127
137
138
139
142
143
149
250

[MAP_VISIBILITY_GRAPH]
MAP_VERTEX 252
253
254
255
256
257
258
259
251

[MAP_VISIBILITY_GRAPH]
MAP_VERTEX 253
254
255
256
257
258
259
260
251
252

[MAP_VISIBILITY_GRAPH]
MAP_VERTEX 254
255
256
257
258
259
260
261
138
139
142
143
149
251
252
253

[MAP_VISIBILITY_GRAPH]
MAP_VERTEX 255
253
254
256
257
258
259
260
261
138
139
142
143
149
251
252

[MAP_VISIBILITY_GRAPH]
MAP_VERTEX 256
260
150
156
157
250
251
252
253
254
255
257
258
259

[MAP_VISIBILITY_GRAPH]
MAP_VERTEX 257
259
260
150
156
157
250
251
252
253
254
255
256
258

[MAP_VISIBILITY_GRAPH]
MAP_VERTEX 258
259
260
251
252
253
254
255
256
257

[MAP_VISIBILITY_GRAPH]
MAP_VERTEX 259
260
251
252
253
254
255
256
257
258

[MAP_VISIBILITY_GRAPH]
MAP_VERTEX 260
150
160
161
162
172
173
174
184
185
186
250
251
253
254
255
256
257
258
259
261

[MAP_VISIBILITY_GRAPH]
MAP_VERTEX 261
150
160
161
162
172
173
174
184
185
186
250
251
254
255
260
262
125
126
127
137
138
139
142
143
149

[MAP_VISIBILITY_GRAPH]
MAP_VERTEX 262
138
144
145
148
149
150
160
161
162
172
173
174
184
185
186
261
263
50
56
57
58
59
69
70
71
81
82
83
93
94
95
105
106
107
114
115
116
117
125
126
127
130
131
137

[MAP_VISIBILITY_GRAPH]
MAP_VERTEX 263
264
269
270
271
272
50
56
57
58
59
69
70
71
81
82
83
93
94
95
98
99
105
106
125
126
127
137
262

[MAP_VISIBILITY_GRAPH]
MAP_VERTEX 264
266
267
268
269
270
271
272
50
56
57
58
59
69
70
71
81
82
83
93
94
95
98
99
105
263
265

[MAP_VISIBILITY_GRAPH]
MAP_VERTEX 265
266
267
268
269
270
271
272
264

[MAP_VISIBILITY_GRAPH]
MAP_VERTEX 266
267
268
269
270
271
264
265

[MAP_VISIBILITY_GRAPH]
MAP_VERTEX 267
268
269
270
271
82
83
93
264
265
266

[MAP_VISIBILITY_GRAPH]
MAP_VERTEX 268
269
270
271
82
83
93
264
265
266
267

[MAP_VISIBILITY_GRAPH]
MAP_VERTEX 269
270
271
106
263
264
265
266
267
268

[MAP_VISIBILITY_GRAPH]
MAP_VERTEX 270
268
269
271
106
263
264
265
266
267

[MAP_VISIBILITY_GRAPH]
MAP_VERTEX 271
266
267
268
269
270
272
50
56
57
58
59
69
70
71
81
82
83
93
94
95
105
106
125
126
127
137
263
264
265

[MAP_VISIBILITY_GRAPH]
MAP_VERTEX 272
273
209
206
225
222
223
217
214
215
221
218
219
202
213
210
211
195
14
201
198
199
26
27
30
31
37
38
39
49
50
56
57
58
59
69
70
71
81
82
83
93
94
95
105
106
125
126
127
137
263
264
265
271

[MAP_VISIBILITY_GRAPH]
MAP_VERTEX 273
275
276
186
0
1
209
206
14
204
205
216
217
214
224
225
222
210
81
82
83
93
94
95
105
272
274

[MAP_VISIBILITY_GRAPH]
MAP_VERTEX 274
275
276
0
1
13
209
273

[MAP_VISIBILITY_GRAPH]
MAP_VERTEX 275
276
0
1
13
209
273
274

[MAP_VISIBILITY_GRAPH]
MAP_VERTEX 276
186
0
1
2
3
4
12
13
208
209
206
205
216
217
273
274
275
277

[MAP_VISIBILITY_GRAPH]
MAP_VERTEX 277
186
0
1
276
226
249
125
126
137
138
139
149
150
151
161
162
163
173
174
175
178
179
185

[MAP_VISIBILITY_GRAPH]
CITY_VERTEX 0
192
193
0
1
2
3
4
5
9
12
13
14
24
25
26
36
37
204
205
208
209
273
274
275
276
277
186
187

[MAP_VISIBILITY_GRAPH]
CITY_VERTEX 1
192
193
187
188
189
190
191

[MAP_VISIBILITY_GRAPH]
CITY_VERTEX 2
156
157
158
159
160
250
256
257
260
150
151
152
153
154
155

[MAP_VISIBILITY_GRAPH]
CITY_VERTEX 3
120
121
122
123
124
116
117
118
119

[MAP_VISIBILITY_GRAPH]
CITY_VERTEX 4
186
192
193
0
1
2
3
4
5
10
11
12
13
82
92
93
199
200
195
196
197
203
204
205
221
215
216
217
223
224
207
208
209
273
274
275
276
277

[MAP_VISIBILITY_GRAPH]
CITY_VERTEX 5
273
206
207
208
13
14
24
25
26
36
37
38
49
50
70
71
80
81
82
92
93
199
200
195
196
197
212
213
219
203
204
205
216
217
224
225

[MAP_VISIBILITY_GRAPH]
CITY_VERTEX 6
222
223
214
215
202
203
204
207
208
13
14
15
25
26
36
37
38
49
50
70
71
80
81
82
92
93
94
199
200
201
211
195
196
197
220
221

[MAP_VISIBILITY_GRAPH]
CITY_VERTEX 7
186
192
193
0
1
2
3
4
5
8
12
13
14
24
25
26
36
37
38
204
205
208
209
273
274
275
276
277

[MAP_VISIBILITY_GRAPH]
CITY_VERTEX 8
162
168
169
172
173
174
184
185
186
277
226
227
237
238
244
245
248
249
250
260
261
262
116
117
125
126
137
138
139
149
150
151
161

[MAP_VISIBILITY_GRAPH]
CITY_VERTEX 9
200
194
195
196
202
203
204
13
14
15
25
26
27
30
31
37
38
48
49
50
59
70
71
80
81
82
92
93
94
104
105
106
125
272
199

[MAP_VISIBILITY_GRAPH]
CITY_VERTEX 10
276
186
192
193
0
1
2
3
4
5
12
13
14
25
26
37
38
49
50
70
80
81
82
92
93
199
200
195
196
197
212
203
204
205
215
216
217
224
225
207
208
209
273
274
275

[MAP_VISIBILITY_GRAPH]
CITY_VERTEX 11
126
136
137
138
148
149
150
161
162
173
174
185
186
277
226
237
238
249
250
251
261
262
263
271
272
211
195
201
198
199
26
27
30
31
37
106
107
108
109
115
116
117
125

[MAP_VISIBILITY_GRAPH]
CITY_VERTEX 12
126
136
137
262
263
264
271
272
273
222
223
224
210
211
212
219
220
215
216
207
208
202
198
199
13
14
15
25
26
27
37
38
39
49
50
51
58
59
60
61
69
70
71
81
82
92
93
94
104
105
106

[MAP_VISIBILITY_GRAPH]
CITY_VERTEX 13
186
192
193
0
1
2
3
4
12
13
208
209
206
214
194
224
225
273
274
275
276
277
138
139
149
150
151
161
162
163
173
174
175
185

[MAP_VISIBILITY_GRAPH]
CITY_VERTEX 14
262
263
264
271
272
210
211
212
218
219
220
214
198
199
200
195
196
203
204
13
14
25
26
37
38
39
49
50
56
57
58
59
70
71
80
81
82
92
93
94
104
105
106
126
127
137

[MAP_VISIBILITY_GRAPH]
CITY_VERTEX 15
276
186
0
1
2
3
4
12
13
208
209
273
274
275

[MAP_VISIBILITY_GRAPH]
CITY_VERTEX 16
186
277
226
236
237
238
248
249
250
261
262
125
126
137
138
149
150
161
162
163
173
174
175
178
179
185

[MAP_VISIBILITY_GRAPH]
CITY_VERTEX 17
126
136
137
138
148
149
262
263
269
270
271
272
219
202
213
210
211
194
195
201
198
199
26
27
30
31
37
38
39
49
50
51
58
59
60
61
69
70
81
82
93
94
95
105
106
125

[MAP_VISIBILITY_GRAPH]
CITY_VERTEX 18
222
223
224
207
217
214
215
202
203
14
15
25
220
221
218
198
212
213
210
82
83
93
94
104
105
272

[MAP_VISIBILITY_GRAPH]
CITY_VERTEX 19
210
211
212
222
218
219
220
214
215
216
198
199
13
14
15
25
26
27
30
31
37
38
44
45
48
49
50
58
59
70
71
81
82
92
93
94
100
101
104
105
106
125
272

[MAP_VISIBILITY_GRAPH]
CITY_VERTEX 20
150
156
157
160
161
162
172
173
174
184
185
186
277
226
237
238
239
249
250
260
261
262
106
107
114
115
116
117
125
126
127
137
138
139
149

[MAP_VISIBILITY_GRAPH]
CITY_VERTEX 21
273
209
206
225
222
223
217
214
215
221
218
219
202
213
210
211
195
15
201
198
199
26
27
31
37
38
39
49
50
58
59
69
70
71
81
82
83
86
87
93
94
95
104
105
106
272

[MAP_VISIBILITY_GRAPH]
CITY_VERTEX 22
186
192
193
0
1
2
3
4
5
12
13
14
24
25
26
36
37
38
49
50
70
71
81
199
200
195
196
203
204
205
211
212
219
220
215
216
217
207
208
209
273
274
275
276
277

[MAP_VISIBILITY_GRAPH]
CITY_VERTEX 23
126
136
137
262
263
264
267
268
271
272
273
206
222
223
224
217
214
221
218
213
210
211
205
202
197
194
201
198
199
13
14
15
25
26
27
37
38
39
49
50
51
58
59
60
61
69
70
71
81
82
83
86
87
93
94
104
105
106

[MAP_VISIBILITY_GRAPH]
CITY_VERTEX 24
186
192
193
0
1
2
3
4
5
12
13
208
209
206
222
82
83
93
94
95
273
274
275
276
277
174
175
178
179
185

[MAP_VISIBILITY_GRAPH]
CITY_VERTEX 25
210
211
212
198
199
200
194
195
196
203
204
13
14
25
26
27
37
38
44
45
48
49
50
58
59
70
71
80
81
82
88
89
92
93
94
104
105
106
126
127
137
272

[MAP_VISIBILITY_GRAPH]
CITY_VERTEX 26
273
222
223
224
217
214
221
218
213
210
211
198
199
37
38
48
49
50
58
59
70
71
74
75
81
82
83
93
94
104
105
106
272

[MAP_VISIBILITY_GRAPH]
CITY_VERTEX 27
276
186
0
1
2
3
4
12
13
14
24
25
26
36
37
204
208
209
273
274
275

[MAP_VISIBILITY_GRAPH]
CITY_VERTEX 28
138
148
149
150
161
162
173
174
185
186
277
226
237
238
239
249
250
251
261
262
263
271
272
38
39
49
50
51
56
57
58
59
69
70
81
82
83
93
94
95
105
106
107
114
115
116
117
125
126
127
130
131
137

[MAP_VISIBILITY_GRAPH]
CITY_VERTEX 29
186
192
193
0
1
2
3
4
12
13
205
216
217
224
225
207
208
209
273
274
275
276
277

[MAP_VISIBILITY_GRAPH]
CITY_VERTEX 30
262
263
264
267
268
271
272
273
209
206
225
222
223
217
214
221
218
219
213
210
211
194
195
201
198
199
26
27
30
31
37
38
39
49
50
56
57
58
59
69
70
71
81
82
83
93
94
95
105
106
125
126
127
137

[MAP_VISIBILITY_GRAPH]
CITY_VERTEX 31
218
219
194
195
196
202
203
204
13
14
15
25
26
36
37
38
48
49
50
58
59
70
71
81
82
92
93
199
200
201
212
213

[MAP_VISIBILITY_GRAPH]
CITY_VERTEX 32
273
222
223
224
217
214
215
221
218
219
194
195
26
27
200
201
212
213
210
70
71
74
75
81
82
83
93
94
104
105
272

[MAP_VISIBILITY_GRAPH]
CITY_VERTEX 33
126
136
137
262
263
264
271
272
273
206
225
222
223
217
214
221
218
213
210
211
203
197
194
201
198
199
25
26
27
37
38
39
42
43
49
50
51
58
59
60
61
69
70
81
82
83
93
94
100
101
104
105
106

[MAP_VISIBILITY_GRAPH]
CITY_VERTEX 34
186
192
193
0
1
2
3
4
5
12
13
14
24
25
208
209
273
274
275
276
277

[MAP_VISIBILITY_GRAPH]
CITY_VERTEX 35
260
150
157
160
161
250
251
252
253
254
255
256
257
258
259

[MAP_VISIBILITY_GRAPH]
CITY_VERTEX 36
273
209
206
207
13
204
205
216
217
224
225
222
210
82
83
93
94
95
104
105
272

[MAP_VISIBILITY_GRAPH]
CITY_VERTEX 37
273
276
206
207
13
14
204
205
216
217
214
220
221
218
213
210
82
83
93
94
104
105
272
223
224
225

[MAP_VISIBILITY_GRAPH]
CITY_VERTEX 38
24
204
206
207
14
15
16
17
18
19
20
21
22
23

[MAP_VISIBILITY_GRAPH]
CITY_VERTEX 39
52
53
54
55
56
57
58
82
92
93
94
104
105
106
51

[MAP_VISIBILITY_GRAPH]
CITY_VERTEX 40
66
67
68
60
61
62
63
64
65

[MAP_VISIBILITY_GRAPH]
CITY_VERTEX 41
273
222
210
211
212
219
220
215
216
207
208
205
202
197
201
198
199
13
14
15
25
26
27
37
38
39
42
43
49
50
58
59
69
70
71
74
75
81
82
92
93
94
104
105
106
126
127
137
263
272

[MAP_VISIBILITY_GRAPH]
CITY_VERTEX 42
273
222
223
224
210
211
207
205
202
197
194
201
198
199
14
15
25
26
27
37
38
39
49
50
58
59
69
70
71
81
82
83
93
94
100
101
104
105
106
125
126
127
137
272

[MAP_VISIBILITY_GRAPH]
CITY_VERTEX 43
262
263
264
271
272
210
211
212
218
219
220
214
198
199
200
195
196
203
204
13
14
25
26
27
37
38
39
49
50
58
59
70
71
80
81
82
92
93
94
104
105
106
126
127
137

[MAP_VISIBILITY_GRAPH]
CITY_VERTEX 44
262
263
264
271
272
273
206
222
223
224
217
214
221
218
213
210
211
205
202
203
197
194
201
198
199
14
15
25
26
27
37
38
39
43
49
50
56
57
58
59
69
70
71
81
82
83
86
87
93
94
100
101
104
105
106
126
127
137

[MAP_VISIBILITY_GRAPH]
CITY_VERTEX 45
276
186
0
1
13
14
24
25
26
36
37
38
48
49
50
58
59
70
71
81
196
203
204
205
211
212
219
220
221
215
216
217
223
224
225
207
208
209
274
275

[MAP_VISIBILITY_GRAPH]
CITY_VERTEX 46
168
169
170
171
172
173
162
163
164
165
166
167

[MAP_VISIBILITY_GRAPH]
CITY_VERTEX 47
156
157
158
159
160
161
238
239
151
152
153
154
155

[MAP_VISIBILITY_GRAPH]
CITY_VERTEX 48
144
145
146
147
148
149
261
139
140
141
142
143

[MAP_VISIBILITY_GRAPH]
CITY_VERTEX 49
132
133
134
135
136
137
263
271
272
38
39
49
50
51
56
58
59
60
61
126
127
128
129
130
131

[MAP_VISIBILITY_GRAPH]
CITY_VERTEX 50
186
192
193
0
1
2
3
4
12
13
208
209
206
214
224
273
276
277
226
237
238
249
250
261
262
125
126
137
138
149
150
161
162
163
173
174
175
185

[MAP_VISIBILITY_GRAPH]
CITY_VERTEX 51
160
161
162
172
173
174
185
186
277
226
227
237
238
239
249
250
260
261
262
106
107
114
115
116
117
125
126
137
138
139
149
150
151

[MAP_VISIBILITY_GRAPH]
CITY_VERTEX 52
126
132
133
136
137
138
148
149
150
160
161
162
172
173
174
185
186
262
263
271
272
210
211
195
201
198
199
26
27
30
31
37
38
39
43
49
106
107
108
109
114
115
116
117
125

[MAP_VISIBILITY_GRAPH]
CITY_VERTEX 53
114
138
148
149
150
160
161
107
108
109
110
111
112
113

[MAP_VISIBILITY_GRAPH]
CITY_VERTEX 54
126
136
137
138
148
149
150
161
162
172
173
174
185
186
277
226
237
238
249
250
261
262
263
271
272
210
211
194
195
201
106
107
108
109
115
116
117
118
119
125

[MAP_VISIBILITY_GRAPH]
CITY_VERTEX 55
138
148
149
150
160
161
162
172
173
174
185
186
277
226
237
238
249
250
261
262
263
271
272
38
39
49
50
56
57
58
59
69
70
71
81
82
83
93
94
95
105
106
107
114
115
116
117
125
126
127
130
131
137

[MAP_VISIBILITY_GRAPH]
CITY_VERTEX 56
252
253
254
255
256
257
258
259
260
261
138
139
251

[MAP_VISIBILITY_GRAPH]
CITY_VERTEX 57
273
209
206
225
222
223
217
214
215
202
203
14
15
221
218
36
37
200
201
212
213
210
50
58
59
70
71
74
75
81
82
83
93
94
95
104
105
272

[MAP_VISIBILITY_GRAPH]
CITY_VERTEX 58
90
91
92
26
27
37
38
39
49
82
83
84
85
86
87
88
89

[MAP_VISIBILITY_GRAPH]
CITY_VERTEX 59
218
219
220
214
215
216
207
208
205
202
203
197
194
195
26
36
37
200
201
198
81
82
92
93
94
104
105
211
212
213

[MAP_VISIBILITY_GRAPH]
CITY_VERTEX 60
222
223
214
215
216
207
208
202
203
0
1
13
14
15
25
26
32
33
196
197
201
82
92
93
94
104
105
211
212
213
219
220
221

[MAP_VISIBILITY_GRAPH]
CITY_VERTEX 61
222
223
214
215
202
203
204
207
208
13
14
15
25
26
36
37
38
48
49
50
59
70
71
81
82
92
93
199
200
195
196
197
220
221

[MAP_VISIBILITY_GRAPH]
CITY_VERTEX 62
126
136
137
262
263
264
271
272
210
211
212
219
220
215
216
198
199
200
195
196
203
204
13
14
25
26
27
37
38
39
49
50
51
54
55
58
59
60
61
69
70
71
74
75
81
82
92
93
94
105
106

[MAP_VISIBILITY_GRAPH]
CITY_VERTEX 63
126
136
137
262
263
264
271
272
210
211
212
218
219
220
214
198
199
200
195
196
203
204
50
59
60
61
69
70
80
81
82
93
94
105
106

[MAP_VISIBILITY_GRAPH]
CITY_VERTEX 64
126
136
137
262
263
264
271
272
59
60
61
69
70
80
81
82
92
93
94
105
106

[MAP_VISIBILITY_GRAPH]
CITY_VERTEX 65
36
200
218
219
194
195
196
202
203
26
27
28
29
30
31
32
33
34
35

[MAP_VISIBILITY_GRAPH]
CITY_VERTEX 66
16
17
18
19
20
21
22
23
24
25
196
197
220
221
15

[MAP_VISIBILITY_GRAPH]
CITY_VERTEX 67
186
192
193
0
1
2
3
4
12
13
204
205
216
217
224
225
207
208
209
273
274
275
276
277

[MAP_VISIBILITY_GRAPH]
CITY_VERTEX 68
180
181
182
183
184
185
174
175
176
177
178
179

[MAP_VISIBILITY_GRAPH]
CITY_VERTEX 69
168
169
170
171
172
173
226
227
230
231
237
162
163
164
165
166
167

[MAP_VISIBILITY_GRAPH]
CITY_VERTEX 70
144
145
146
147
148
138
139
140
141
142
143

[MAP_VISIBILITY_GRAPH]
CITY_VERTEX 71
132
133
134
135
136
137
56
57
58
59
69
70
81
82
93
94
95
105
126
127
128
129
130
131

[MAP_VISIBILITY_GRAPH]
CITY_VERTEX 72
273
209
206
225
222
223
217
214
215
205
221
218
219
194
213
210
38
48
49
50
58
59
70
71
81
82
83
93
94
95
104
105
272

[MAP_VISIBILITY_GRAPH]
CITY_VERTEX 73
148
149
150
160
161
162
172
173
174
185
186
277
226
237
238
239
249
250
251
261
262
106
107
114
115
116
117
125
126
127
137
138
139

[MAP_VISIBILITY_GRAPH]
CITY_VERTEX 74
174
184
185
186
277
226
227
230
231
237
238
248
249
250
261
262
117
125
126
137
138
139
149
150
151
161
162
163
166
167
173

[MAP_VISIBILITY_GRAPH]
CITY_VERTEX 75
276
186
0
1
2
3
4
12
13
208
209
206
216
217
214
224
225
273
274
275

[MAP_VISIBILITY_GRAPH]
CITY_VERTEX 76
273
206
207
208
0
1
13
14
20
21
24
25
204
205
202
197
194
201
198
82
92
93
211
212
219
220
221
272
215
216
217
224
225

[MAP_VISIBILITY_GRAPH]
CITY_VERTEX 77
238
239
240
241
242
243
244
245
246
247
248
249

[MAP_VISIBILITY_GRAPH]
CITY_VERTEX 78
226
227
228
229
230
231
232
233
234
235
236
237

[MAP_VISIBILITY_GRAPH]
CITY_VERTEX 79
102
103
104
105
273
209
206
225
222
223
217
214
221
218
94
95
96
97
98
99
100
101

[MAP_VISIBILITY_GRAPH]
CITY_VERTEX 80
90
91
92
93
273
206
222
223
224
210
211
212
219
220
215
216
207
205
202
82
83
84
85
86
87
88
89

[MAP_VISIBILITY_GRAPH]
CITY_VERTEX 81
78
79
80
81
13
14
25
26
37
38
49
70
71
72
73
74
75
76
77

[MAP_VISIBILITY_GRAPH]
CITY_VERTEX 82
200
26
27
28
29
30
31
32
33
34
35
36
37
199

[MAP_VISIBILITY_GRAPH]
CITY_VERTEX 83
38
39
40
41
42
43
44
45
46
47
48
49

[MAP_VISIBILITY_GRAPH]
CITY_VERTEX 84
267
268
269
270
271
71
81
82
83
93
94
95
98
99
105
263
264
265
266

[MAP_VISIBILITY_GRAPH]
CITY_VERTEX 85
12
5
6
7
8
9
10
11

[CITY_VISIBILITY]
CITY_VERTEX 0
4
5
6
7
10
13
15
22
24
27
29
34
45
50
61
67
75
76

[CITY_VISIBILITY]
CITY_VERTEX 1

[CITY_VISIBILITY]
CITY_VERTEX 2
20
35
47

[CITY_VISIBILITY]
CITY_VERTEX 3

[CITY_VISIBILITY]
CITY_VERTEX 4
0
5
6
7
9
10
12
13
15
19
22
24
27
29
31
34
41
45
50
60
61
67
72
75
76
85

[CITY_VISIBILITY]
CITY_VERTEX 5
0
4
6
7
9
10
12
13
14
19
22
24
25
27
31
34
36
37
41
43
45
50
60
61
62
76
81

[CITY_VISIBILITY]
CITY_VERTEX 6
0
4
5
7
9
10
12
14
18
19
22
23
25
27
31
41
42
43
44
45
60
61
62
76
81

[CITY_VISIBILITY]
CITY_VERTEX 7
0
4
5
6
9
10
13
15
22
24
27
29
34
45
50
61
67
75
76

[CITY_VISIBILITY]
CITY_VERTEX 8
11
13
16
20
28
46
50
51
52
54
55
73
74

[CITY_VISIBILITY]
CITY_VERTEX 9
4
5
6
7
10
11
12
14
17
19
21
22
23
25
26
30
31
33
41
42
43
44
45
52
59
61
62
63
81

[CITY_VISIBILITY]
CITY_VERTEX 10
0
4
5
6
7
9
12
13
14
15
19
22
24
25
27
29
31
34
36
37
41
43
45
50
60
61
62
67
75
76
81
85

[CITY_VISIBILITY]
CITY_VERTEX 11
8
9
16
17
19
20
28
30
42
50
51
52
54
55
73
74

[CITY_VISIBILITY]
CITY_VERTEX 12
4
5
6
9
10
14
17
18
19
21
22
23
25
26
28
30
31
32
33
36
39
41
42
43
44
55
57
58
59
61
62
63
64
71
72
76
84

[CITY_VISIBILITY]
CITY_VERTEX 13
0
4
5
7
8
10
15
16
22
24
27
29
34
45
50
67
74
75

[CITY_VISIBILITY]
CITY_VERTEX 14
5
6
9
10
12
17
19
21
22
23
25
26
28
30
31
33
41
42
43
44
45
49
55
57
61
62
63
64
72
81

[CITY_VISIBILITY]
CITY_VERTEX 15
0
4
7
10
13
22
24
27
29
34
45
50
67
75

[CITY_VISIBILITY]
CITY_VERTEX 16
8
11
13
20
28
50
51
52
54
55
73
74

[CITY_VISIBILITY]
CITY_VERTEX 17
9
11
12
14
19
21
23
25
26
28
30
33
39
41
42
43
44
52
54
55
62
63
64
71
73

[CITY_VISIBILITY]
CITY_VERTEX 18
6
12
21
23
26
30
32
33
37
41
42
44
57
60
61
72
79
80

[CITY_VISIBILITY]
CITY_VERTEX 19
4
5
6
9
10
11
12
14
17
21
23
25
26
30
31
33
41
42
43
44
52
59
61
62
63
72

[CITY_VISIBILITY]
CITY_VERTEX 20
2
8
11
16
28
50
51
52
54
55
73
74

[CITY_VISIBILITY]
CITY_VERTEX 21
9
12
14
17
18
19
23
24
25
26
30
32
33
36
37
41
42
43
44
57
62
63
64
72
79
83

[CITY_VISIBILITY]
CITY_VERTEX 22
0
4
5
6
7
9
10
12
13
14
15
24
25
27
29
31
34
43
45
50
61
62
63
67
75
76
81

[CITY_VISIBILITY]
CITY_VERTEX 23
6
9
12
14
17
18
19
21
24
25
26
28
30
31
32
33
36
37
39
41
42
43
44
55
57
59
60
62
63
64
71
72
76
84

[CITY_VISIBILITY]
CITY_VERTEX 24
0
4
5
7
10
13
15
21
22
23
26
27
29
33
34
36
42
44
45
50
57
67
72
75
80

[CITY_VISIBILITY]
CITY_VERTEX 25
5
6
9
10
12
14
17
19
21
22
23
26
28
30
31
33
41
42
43
44
45
49
52
55
58
61
62
63
72
81

[CITY_VISIBILITY]
CITY_VERTEX 26
9
12
14
17
18
19
21
23
24
25
30
32
33
36
37
41
42
43
44
52
54
57
62
63
72
80
82

[CITY_VISIBILITY]
CITY_VERTEX 27
0
4
5
6
7
10
13
15
22
24
29
34
45
50
61
67
75

[CITY_VISIBILITY]
CITY_VERTEX 28
8
11
12
14
16
17
20
23
25
30
33
41
42
43
44
49
50
51
52
53
54
55
62
63
64
73
74

[CITY_VISIBILITY]
CITY_VERTEX 29
0
4
7
10
13
15
22
24
27
34
36
37
45
50
67
75
76

[CITY_VISIBILITY]
CITY_VERTEX 30
9
11
12
14
17
18
19
21
23
25
26
28
32
33
36
37
41
42
43
44
49
52
54
55
57
62
63
64
72
84

[CITY_VISIBILITY]
CITY_VERTEX 31
4
5
6
9
10
12
14
19
22
23
25
32
41
43
45
59
61
62
63
65
81

[CITY_VISIBILITY]
CITY_VERTEX 32
12
18
21
23
26
30
31
33
36
37
41
42
44
57
59
62
72
79
80

[CITY_VISIBILITY]
CITY_VERTEX 33
9
12
14
17
18
19
21
23
24
25
26
28
30
32
36
37
39
41
42
43
44
55
57
59
60
62
63
64
71
72
79
84

[CITY_VISIBILITY]
CITY_VERTEX 34
0
4
5
7
10
13
15
22
24
27
29
45
50
67
75

[CITY_VISIBILITY]
CITY_VERTEX 35
2
56

[CITY_VISIBILITY]
CITY_VERTEX 36
5
10
12
21
23
24
26
29
30
32
33
37
41
42
44
45
57
72
76
79
80

[CITY_VISIBILITY]
CITY_VERTEX 37
5
10
18
21
23
26
29
30
32
33
36
42
44
45
67
76
79
80

[CITY_VISIBILITY]
CITY_VERTEX 38
66
76

[CITY_VISIBILITY]
CITY_VERTEX 39
12
17
23
33
62

[CITY_VISIBILITY]
CITY_VERTEX 40

[CITY_VISIBILITY]
CITY_VERTEX 41
4
5
6
9
10
12
14
17
18
19
21
23
25
26
28
30
31
32
33
36
42
43
44
49
52
55
57
59
60
61
62
63
64
72
76

[CITY_VISIBILITY]
CITY_VERTEX 42
6
9
11
12
14
17
18
19
21
23
24
25
26
28
30
32
33
36
37
41
43
44
49
52
55
57
59
60
62
63
64
72
76
80

[CITY_VISIBILITY]
CITY_VERTEX 43
5
6
9
10
12
14
17
19
21
22
23
25
26
28
30
31
33
41
42
44
45
49
55
57
58
61
62
63
72
81

[CITY_VISIBILITY]
CITY_VERTEX 44
6
9
12
14
17
18
19
21
23
24
25
26
28
30
32
33
36
37
41
42
43
45
49
52
55
57
59
60
62
63
64
72

[CITY_VISIBILITY]
CITY_VERTEX 45
0
4
5
6
7
9
10
13
14
15
22
24
25
27
29
31
34
36
37
43
44
50
61
62
63
67
75
76

[CITY_VISIBILITY]
CITY_VERTEX 46
8
69

[CITY_VISIBILITY]
CITY_VERTEX 47
2

[CITY_VISIBILITY]
CITY_VERTEX 48
70
73

[CITY_VISIBILITY]
CITY_VERTEX 49
14
25
28
30
41
42
43
44
55
71

[CITY_VISIBILITY]
CITY_VERTEX 50
0
4
5
7
8
10
11
13
15
16
20
22
24
27
28
29
34
45
51
54
55
67
73
74
75

[CITY_VISIBILITY]
CITY_VERTEX 51
8
11
16
20
28
50
52
54
55
73
74

[CITY_VISIBILITY]
CITY_VERTEX 52
8
9
11
16
17
19
20
25
26
28
30
41
42
44
51
53
54
55
73
74

[CITY_VISIBILITY]
CITY_VERTEX 53
28
52
55

[CITY_VISIBILITY]
CITY_VERTEX 54
8
11
16
17
20
26
28
30
50
51
52
55
73
74

[CITY_VISIBILITY]
CITY_VERTEX 55
8
11
12
14
16
17
20
23
25
28
30
33
41
42
43
44
49
50
51
52
53
54
62
63
64
73
74

[CITY_VISIBILITY]
CITY_VERTEX 56
35
73

[CITY_VISIBILITY]
CITY_VERTEX 57
12
14
18
21
23
24
26
30
32
33
36
41
42
43
44
59
62
63
65
66
72
79
80

[CITY_VISIBILITY]
CITY_VERTEX 58
12
25
43
80

[CITY_VISIBILITY]
CITY_VERTEX 59
9
12
19
23
31
32
33
41
42
44
57
60
62
65
72
76
80

[CITY_VISIBILITY]
CITY_VERTEX 60
4
5
6
10
18
23
33
41
42
44
59
61
65
66
76

[CITY_VISIBILITY]
CITY_VERTEX 61
0
4
5
6
7
9
10
12
14
18
19
22
25
27
31
41
43
45
60
62
63
66
76
81

[CITY_VISIBILITY]
CITY_VERTEX 62
5
6
9
10
12
14
17
19
21
22
23
25
26
28
30
31
32
33
39
41
42
43
44
45
55
57
59
61
63
64
71
72

[CITY_VISIBILITY]
CITY_VERTEX 63
9
12
14
17
19
21
22
23
25
26
28
30
31
33
41
42
43
44
45
55
57
61
62
64
71
72

[CITY_VISIBILITY]
CITY_VERTEX 64
12
14
17
21
23
28
30
33
41
42
44
55
62
63
71
72

[CITY_VISIBILITY]
CITY_VERTEX 65
31
57
59
60
82

[CITY_VISIBILITY]
CITY_VERTEX 66
38
57
60
61

[CITY_VISIBILITY]
CITY_VERTEX 67
0
4
7
10
13
15
22
24
27
29
34
37
45
50
75
76

[CITY_VISIBILITY]
CITY_VERTEX 68

[CITY_VISIBILITY]
CITY_VERTEX 69
46
74

[CITY_VISIBILITY]
CITY_VERTEX 70
48
73

[CITY_VISIBILITY]
CITY_VERTEX 71
12
17
23
33
49
62
63
64

[CITY_VISIBILITY]
CITY_VERTEX 72
4
12
14
18
19
21
23
24
25
26
30
32
33
36
41
42
43
44
57
59
62
63
64
79

[CITY_VISIBILITY]
CITY_VERTEX 73
8
11
16
17
20
28
48
50
51
52
54
55
56
70
74

[CITY_VISIBILITY]
CITY_VERTEX 74
8
11
13
16
20
28
50
51
52
54
55
69
73
78

[CITY_VISIBILITY]
CITY_VERTEX 75
0
4
7
10
13
15
22
24
27
29
34
45
50
67

[CITY_VISIBILITY]
CITY_VERTEX 76
0
4
5
6
7
10
12
22
23
29
36
37
38
41
42
45
59
60
61
67
80

[CITY_VISIBILITY]
CITY_VERTEX 77

[CITY_VISIBILITY]
CITY_VERTEX 78
74

[CITY_VISIBILITY]
CITY_VERTEX 79
18
21
32
33
36
37
57
72

[CITY_VISIBILITY]
CITY_VERTEX 80
18
24
26
32
36
37
42
57
58
59
76

[CITY_VISIBILITY]
CITY_VERTEX 81
5
6
9
10
14
22
25
31
43
61

[CITY_VISIBILITY]
CITY_VERTEX 82
26
65

[CITY_VISIBILITY]
CITY_VERTEX 83
21

[CITY_VISIBILITY]
CITY_VERTEX 84
12
23
30
33

[CITY_VISIBILITY]
CITY_VERTEX 85
4
10

