[INFO]
FORMAT=MAP_POINTS
NAME=
VERSION=1.0
COMMENT=Load from simple-txt file 'maps/jari-huge-V.txt'
COMMENT=Created from file 'maps/jari-huge-V.txt' by program ./tmap_convert version 0.5
COMMENT=Created from file 'src/jh-bp-d200-b100-i5-depot0/map.txt' by program ../map_tools/tmap_convert version 0.5

[MAP_POINTS]
0 2071 16
1 2077.54 20.4645
2 2079 402
3 2074.54 408.536
4 1858 410
5 1858 421
6 2071 421
7 2077.54 425.464
8 2079 548
9 2074.54 554.536
10 1813 556
11 1806.46 551.536
12 1805 407
13 1794 407
14 1794 708
15 1805 708
16 1805 575
17 1809.46 568.464
18 2071 567
19 2077.54 571.464
20 2079 902
21 2074.54 908.536
22 1813 910
23 1806.46 905.536
24 1805 769
25 1794 769
26 1794 1071
27 1805 1071
28 1805 929
29 1809.46 922.464
30 2071 921
31 2077.54 925.464
32 2079 1291
33 2074.54 1297.54
34 1811 1299
35 1804.46 1294.54
36 1803 1150
37 1791 1150
38 1791 1451
39 1803 1451
40 1803 1318
41 1807.46 1311.46
42 2071 1310
43 2077.54 1314.46
44 2079 1645
45 2074.54 1651.54
46 1811 1653
47 1804.46 1648.54
48 1803 1512
49 1791 1512
50 1791 1813
51 1803 1813
52 1803 1672
53 1807.46 1665.46
54 2071 1664
55 2077.54 1668.46
56 2079 1892
57 2074.54 1898.54
58 1807 1900
59 1807 1912
60 2071 1912
61 2077.54 1916.46
62 2079 2332
63 2074.54 2338.54
64 1880 2340
65 1873.46 2335.54
66 1872 2074
67 1876.46 2067.46
68 2021 2066
69 2021 2055
70 1719 2055
71 1719 2066
72 1852 2066
73 1858.54 2070.46
74 1860 2332
75 1855.54 2338.54
76 1526 2340
77 1519.46 2335.54
78 1518 2074
79 1522.46 2067.46
80 1659 2066
81 1659 2055
82 1357 2055
83 1357 2066
84 1498 2066
85 1504.54 2070.46
86 1506 2332
87 1501.54 2338.54
88 1137 2340
89 1130.46 2335.54
90 1129 2072
91 1133.46 2065.46
92 1278 2064
93 1278 2052
94 977 2052
95 977 2064
96 1110 2064
97 1116.54 2068.46
98 1118 2332
99 1113.54 2338.54
100 783 2340
101 776.464 2335.54
102 775 2072
103 779.464 2065.46
104 916 2064
105 916 2052
106 615 2052
107 615 2064
108 756 2064
109 762.536 2068.46
110 764 2332
111 759.536 2338.54
112 634 2340
113 627.464 2335.54
114 626 2143
115 615 2143
116 615 2332
117 610.536 2338.54
118 24 2340
119 17.4645 2335.54
120 16 2103
121 20.4645 2096.46
122 284 2095
123 290.536 2099.46
124 292 2237
125 304 2237
126 304 1935
127 292 1935
128 292 2076
129 287.536 2082.54
130 24 2084
131 17.4645 2079.54
132 16 1731
133 20.4645 1724.46
134 284 1723
135 290.536 1727.46
136 292 1875
137 304 1875
138 304 1573
139 292 1573
140 292 1703
141 287.536 1709.54
142 24 1711
143 17.4645 1706.54
144 16 1350
145 20.4645 1343.46
146 284 1342
147 290.536 1346.46
148 292 1491
149 304 1491
150 304 1190
151 292 1190
152 292 1323
153 287.536 1329.54
154 24 1331
155 17.4645 1326.54
156 16 996
157 20.4645 989.464
158 284 988
159 290.536 992.464
160 292 1129
161 304 1129
162 304 828
163 292 828
164 292 969
165 287.536 975.536
166 24 977
167 17.4645 972.536
168 16 607
169 20.4645 600.464
170 287 599
171 293.536 603.464
172 295 748
173 306 748
174 306 447
175 295 447
176 295 580
177 290.536 586.536
178 24 588
179 17.4645 583.536
180 16 253
181 20.4645 246.464
182 287 245
183 293.536 249.464
184 295 386
185 306 386
186 306 85
187 295 85
188 295 226
189 290.536 232.536
190 24 234
191 17.4645 229.536
192 16 21
193 21 16
194 1440 1017
195 1480 1017
196 1480 889
197 1440 889
198 1437 1209
199 1478 1209
200 1478 1081
201 1437 1081
202 1429 772
203 1470 772
204 1470 644
205 1429 644
206 950 445
207 1347 445
208 1347 434
209 950 434
210 1238 1214
211 1278 1214
212 1278 1086
213 1238 1086
214 1235 770
215 1275 770
216 1275 641
217 1235 641
218 1235 996
219 1275 996
220 1275 868
221 1235 868
222 1035 772
223 1076 772
224 1076 644
225 1035 644
226 553 591
227 565 591
228 565 458
229 569.464 451.464
230 817 450
231 823.536 454.464
232 825 785
233 820.536 791.536
234 573 793
235 566.464 788.536
236 565 652
237 553 652
238 553 953
239 565 953
240 565 812
241 569.464 805.464
242 817 804
243 823.536 808.464
244 825 1174
245 820.536 1180.54
246 570 1182
247 563.464 1177.54
248 562 1033
249 551 1033
250 551 1334
251 562 1334
252 562 1201
253 566.464 1194.46
254 817 1193
255 823.536 1197.46
256 825 1528
257 820.536 1534.54
258 570 1536
259 563.464 1531.54
260 562 1395
261 551 1395
262 551 1712
263 748 1712
264 748 1701
265 570 1701
266 563.464 1696.54
267 562 1555
268 566.464 1548.46
269 817 1547
270 823.536 1551.46
271 825 1699
272 836 1699
273 836 439
274 573 439
275 566.464 434.536
276 565 290
277 553 290

[MAP_BORDER]
0
1
2
3
4
5
6
7
8
9
10
11
12
13
14
15
16
17
18
19
20
21
22
23
24
25
26
27
28
29
30
31
32
33
34
35
36
37
38
39
40
41
42
43
44
45
46
47
48
49
50
51
52
53
54
55
56
57
58
59
60
61
62
63
64
65
66
67
68
69
70
71
72
73
74
75
76
77
78
79
80
81
82
83
84
85
86
87
88
89
90
91
92
93
94
95
96
97
98
99
100
101
102
103
104
105
106
107
108
109
110
111
112
113
114
115
116
117
118
119
120
121
122
123
124
125
126
127
128
129
130
131
132
133
134
135
136
137
138
139
140
141
142
143
144
145
146
147
148
149
150
151
152
153
154
155
156
157
158
159
160
161
162
163
164
165
166
167
168
169
170
171
172
173
174
175
176
177
178
179
180
181
182
183
184
185
186
187
188
189
190
191
192
193

[MAP_OBSTACLE]
194
195
196
197

[MAP_OBSTACLE]
198
199
200
201

[MAP_OBSTACLE]
202
203
204
205

[MAP_OBSTACLE]
206
207
208
209

[MAP_OBSTACLE]
210
211
212
213

[MAP_OBSTACLE]
214
215
216
217

[MAP_OBSTACLE]
218
219
220
221

[MAP_OBSTACLE]
222
223
224
225

[MAP_OBSTACLE]
226
227
228
229
230
231
232
233
234
235
236
237
238
239
240
241
242
243
244
245
246
247
248
249
250
251
252
253
254
255
256
257
258
259
260
261
262
263
264
265
266
267
268
269
270
271
272
273
274
275
276
277

