3050 2700
955.000 4298.000
688.000 4294.000
502.000 4292.000
624.000 3548.000
1106.000 3635.000
165.000 4289.000
333.000 4290.000
134.000 3545.000
1106.000 3828.000
1154.000 4227.000
113.000 4037.000
1106.000 4132.000
113.000 3822.000
936.000 3551.000
419.000 3336.000
892.000 1692.000
1173.000 996.000
1931.000 2740.000
948.000 2792.000
380.000 2942.000
1341.000 546.000
3577.000 3874.000
3575.000 3714.000
2028.000 385.000
2240.000 3335.000
3717.000 3319.000
780.000 1673.000
855.000 2107.000
1590.000 3098.000
3388.000 2970.000
756.000 1963.000
303.000 2835.000
1534.000 2714.000
3453.000 3312.000
600.000 687.000
830.000 2386.000
1415.000 2835.000
3715.000 3145.000
3122.000 2778.000
822.000 2573.000
764.000 1136.000
1351.000 444.000
2573.000 2781.000
303.000 2526.000
3712.000 2857.000
904.000 560.000
794.000 1493.000
3166.000 3312.000
866.000 1966.000
3230.000 2949.000
2505.000 3309.000
3882.000 3951.000
905.000 1533.000
1879.000 3305.000
2280.000 401.000
1668.000 2722.000
3575.000 3554.000
1256.000 771.000
3624.000 2932.000
3718.000 3439.000
3749.000 4002.000
2065.000 3305.000
2850.000 2800.000
1114.000 1156.000
771.000 1778.000
3854.000 3666.000
2811.000 3310.000
2358.000 3309.000
654.000 557.000
2269.000 220.000
498.000 2940.000
1470.000 362.000
945.000 2676.000
1734.000 364.000
1948.000 176.000
920.000 1368.000
844.000 2221.000
1774.000 3305.000
877.000 1841.000
3537.000 2987.000
2127.000 391.000
801.000 548.000
3713.000 3001.000
1007.000 571.000
1002.000 1292.000
1289.000 2774.000
1603.000 3196.000
1121.000 2766.000
683.000 1074.000
3164.000 2872.000
878.000 2872.000
1494.000 2899.000
2030.000 4302.000
1674.000 4302.000
2313.000 3921.000
2311.000 3728.000
1324.000 4202.000
1671.000 3552.000
2292.000 4302.000
1347.000 4027.000
1817.000 3552.000
2313.000 4152.000
1350.000 3603.000
1418.000 4302.000
1348.000 3887.000
2313.000 4022.000
2310.000 3600.000
1777.000 4302.000
2551.000 3649.000
3031.000 4152.000
2553.000 3786.000
2557.000 4212.000
2979.000 4307.000
2555.000 4076.000
3031.000 4020.000
3031.000 3919.000
2598.000 4307.000
2554.000 3944.000
2596.000 3555.000
3551.000 4522.000
293.000 4024.000
671.000 3734.000
340.000 4056.000
970.000 4021.000
302.000 3803.000
636.000 4162.000
467.000 3706.000
812.000 3861.000
180.000 3859.000
588.000 3944.000
493.000 3893.000
754.000 3995.000
299.000 3981.000
856.000 4110.000
520.000 3687.000
464.000 3960.000
326.000 3836.000
573.000 4023.000
965.000 3725.000
918.000 4158.000
254.000 3749.000
936.000 3993.000
840.000 3733.000
180.000 4130.000
687.000 4163.000
795.000 3695.000
242.000 4161.000
177.000 3679.000
344.000 4190.000
546.000 3742.000
416.000 3794.000
800.000 4295.000
711.000 3839.000
445.000 3587.000
1076.000 4035.000
1047.000 4256.000
1079.000 3731.000
1006.000 4114.000
665.000 4064.000
788.000 4182.000
537.000 4180.000
619.000 3647.000
718.000 2756.000
784.000 2754.000
641.000 2695.000
511.000 2691.000
570.000 2544.000
601.000 2766.000
678.000 2647.000
436.000 2654.000
459.000 2866.000
705.000 2855.000
402.000 2773.000
403.000 2645.000
845.000 2669.000
557.000 2854.000
720.000 2551.000
896.000 1006.000
1093.000 754.000
960.000 804.000
957.000 1032.000
840.000 815.000
961.000 1113.000
1026.000 988.000
766.000 763.000
1065.000 914.000
1028.000 704.000
724.000 937.000
819.000 614.000
761.000 649.000
898.000 868.000
926.000 740.000
764.000 1136.000
852.000 1017.000
780.000 2472.000
1872.000 3733.000
1905.000 3925.000
1973.000 3926.000
2102.000 3870.000
2159.000 4142.000
1791.000 4103.000
1503.000 3726.000
1845.000 4074.000
1562.000 4095.000
1731.000 3869.000
2035.000 3674.000
2121.000 4054.000
1733.000 4042.000
2158.000 3810.000
1590.000 3947.000
1926.000 4125.000
1831.000 3727.000
1587.000 4236.000
1467.000 3716.000
1808.000 3977.000
2084.000 4175.000
1969.000 3843.000
1775.000 3620.000
1531.000 3887.000
1954.000 4091.000
1454.000 3760.000
1700.000 4102.000
1819.000 3825.000
1488.000 3983.000
2064.000 3767.000
1407.000 4201.000
1420.000 4140.000
1613.000 3827.000
2149.000 3957.000
1935.000 4255.000
2031.000 4010.000
1884.000 3632.000
2222.000 4064.000
1804.000 309.000
1496.000 250.000
2092.000 346.000
1658.000 295.000
2134.000 247.000
1941.000 248.000
2172.000 357.000
1851.000 205.000
2657.000 3115.000
2394.000 2956.000
3009.000 2947.000
1560.000 2790.000
2201.000 2941.000
2916.000 3049.000
2586.000 3080.000
3474.000 3210.000
2287.000 2834.000
1723.000 2893.000
2462.000 3098.000
2163.000 3052.000
2593.000 2953.000
2261.000 3254.000
1682.000 2958.000
1732.000 3232.000
3275.000 3173.000
3518.000 3094.000
2057.000 2824.000
3672.000 3152.000
2199.000 3198.000
2521.000 3233.000
2990.000 3174.000
3283.000 3094.000
3049.000 3018.000
2750.000 3252.000
2531.000 2852.000
1955.000 3122.000
1876.000 2917.000
3538.000 3225.000
1926.000 2917.000
1904.000 3073.000
2077.000 2898.000
2369.000 3028.000
2657.000 3214.000
2908.000 3179.000
2421.000 3153.000
2798.000 2976.000
2788.000 3178.000
2636.000 2980.000
2822.000 3083.000
3654.000 3112.000
2700.000 2818.000
2498.000 2983.000
3120.000 3059.000
3439.000 3177.000
1813.000 2732.000
2323.000 3176.000
1818.000 2834.000
3148.000 3134.000
3424.000 3146.000
2007.000 3124.000
3027.000 3197.000
1560.000 2790.000
1990.000 3194.000
2044.000 3171.000
3407.000 3217.000
1852.000 3226.000
1668.000 2889.000
2871.000 2904.000
2409.000 2856.000
1790.000 2969.000
2185.000 2842.000
2714.000 2915.000
2862.000 4044.000
2850.000 3774.000
2758.000 3709.000
2690.000 4109.000
2825.000 3850.000
2766.000 4134.000
2948.000 4149.000
2897.000 3629.000
2978.000 3800.000
2698.000 3951.000
2606.000 3701.000
2881.000 3898.000
2777.000 3610.000
2668.000 3782.000
2760.000 4026.000
2655.000 4202.000
2858.000 4192.000
3705.000 3754.000
3830.000 3886.000
3732.000 3865.000
85.000 3527.000
113.000 3867.000
77.000 4280.000
107.000 4328.000
275.000 4327.000
273.000 3346.000
228.000 3231.000
289.000 2977.000
301.000 2915.000
223.000 2661.000
276.000 2451.000
393.000 3495.000
561.000 3372.000
687.000 3355.000
550.000 3294.000
1583.000 3337.000
1447.000 3394.000
1461.000 3357.000
441.000 3293.000
752.000 3282.000
815.000 3326.000
395.000 4342.000
472.000 2971.000
562.000 599.000
537.000 532.000
548.000 736.000
604.000 2963.000
632.000 4371.000
698.000 1145.000
728.000 1889.000
708.000 1803.000
750.000 2986.000
713.000 1630.000
762.000 1461.000
914.000 4329.000
894.000 2946.000
854.000 2468.000
884.000 2291.000
898.000 2008.000
906.000 2234.000
925.000 1957.000
916.000 1801.000
883.000 513.000
931.000 1618.000
970.000 1450.000
1037.000 2832.000
1056.000 541.000
1081.000 1350.000
1129.000 1289.000
1122.000 3526.000
1143.000 4324.000
1152.000 2788.000
1174.000 1112.000
1243.000 4283.000
1329.000 4344.000
1301.000 531.000
1247.000 2661.000
1315.000 4061.000
1293.000 3703.000
1320.000 3537.000
1349.000 372.000
1377.000 2852.000
1258.000 866.000
1416.000 116.000
1337.000 649.000
1413.000 2673.000
1391.000 466.000
1561.000 3229.000
1557.000 4345.000
1560.000 2687.000
1709.000 387.000
1736.000 4302.000
1795.000 3513.000
1687.000 2687.000
1847.000 153.000
1846.000 3491.000
1991.000 469.000
1982.000 3351.000
1997.000 4331.000
2140.000 4329.000
2182.000 3358.000
2229.000 434.000
2193.000 4324.000
2254.000 3454.000
2341.000 3534.000
2252.000 165.000
2350.000 396.000
2353.000 330.000
2352.000 3819.000
2341.000 3696.000
2467.000 3342.000
2551.000 3497.000
2519.000 3531.000
2525.000 3671.000
2520.000 3823.000
2526.000 3967.000
2524.000 4104.000
2554.000 4293.000
2534.000 4331.000
2689.000 4327.000
2737.000 3338.000
2724.000 2752.000
2756.000 3504.000
2710.000 4342.000
2886.000 4355.000
2980.000 2707.000
2990.000 3500.000
3039.000 4321.000
3068.000 4250.000
3082.000 4313.000
3107.000 3871.000
3062.000 4047.000
3167.000 2765.000
3355.000 2937.000
3350.000 3358.000
3583.000 4230.000
3460.000 4588.000
3548.000 4381.000
3416.000 4634.000
3598.000 4504.000
3422.000 2944.000
3541.000 3670.000
3485.000 3912.000
3655.000 2859.000
3651.000 2818.000
3722.000 4026.000
3723.000 2823.000
3755.000 3221.000
3840.000 4033.000
3745.000 2958.000
3747.000 3106.000
3899.000 3633.000
3912.000 3903.000
107.500 3720.750
106.000 4141.500
1110.000 3933.750
833.500 3542.750
107.000 3935.500
352.000 3514.500
1034.000 3547.500
720.500 3543.500
794.000 4302.500
520.500 3540.000
1057.500 4307.000
238.500 3537.000
306.500 3287.500
1176.500 599.500
2268.500 2756.500
1369.500 2701.000
725.500 2212.500
3574.000 4062.000
2068.500 180.500
1845.000 380.500
645.000 2933.000
1635.500 132.000
2913.500 3321.000
1617.500 3298.000
2469.000 2768.500
629.500 862.500
1058.500 2675.000
797.500 2933.000
672.500 2461.500
1594.500 364.000
503.250 2493.000
3022.000 2754.500
3889.500 3770.000
802.500 1338.000
1548.000 2978.000
735.500 2082.500
3050.500 3342.500
1759.500 147.500
1188.000 2683.000
1415.500 267.500
3262.500 3318.500
2146.000 2742.000
2617.500 3319.500
1817.500 2723.500
301.250 2726.000
652.500 971.500
1299.000 684.500
1512.000 121.500
1219.500 903.000
3713.500 3574.000
2675.000 2783.500
3567.750 3449.750
718.000 2324.500
831.000 1236.500
2030.500 2738.250
398.000 2485.500
2367.000 2763.500
1557.000 3538.250
1529.500 4312.000
1874.500 4311.000
1343.500 3789.000
2076.000 3544.000
2222.250 3533.250
1438.000 3547.500
1964.500 3558.000
2177.000 4296.500
2870.000 3556.000
2823.000 4303.500
3036.500 3735.500
2695.500 3552.500
3034.000 3515.000
2703.500 4300.500
3040.000 3622.500
620.500 3905.000
442.500 4140.500
936.000 3840.500
921.500 3728.500
329.500 3715.500
1550.000 4007.000
1755.500 4228.000
2254.500 3914.000
1644.000 3730.500
2162.000 3721.500
2243.000 3087.000
2975.000 2894.000
3639.000 3336.000
1752.000 3064.500
1978.500 2990.000
2671.500 3888.000
3634.000 3896.500
86.000 3582.000
232.000 3131.000
950.000 3314.500
1112.750 3340.750
1218.000 3322.000
1378.500 3339.500
672.000 3309.500
768.000 507.000
1108.000 3557.500
1134.500 4050.500
1191.500 3691.000
1297.500 4019.000
1751.000 3341.500
2178.500 192.000
2328.500 488.000
2315.000 4368.500
2358.000 4268.500
2350.500 4046.000
3569.500 4587.000
3592.000 4560.500
3612.000 4196.500
3593.000 4365.000
3542.000 4205.500
3535.000 3746.500
3957.500 3982.500
3754.500 3451.500
