187.360 445.330
20.000 346.470
417.020 480.000
480.000 220.820
449.540 20.000
257.320 20.000
411.100 291.570
103.840 480.000
20.000 236.070
137.490 40.000
186.310 208.440
102.100 153.570
106.320 418.940
40.000 120.620
249.470 287.310
417.890 333.860
480.000 367.710
66.090 186.310
124.210 353.940
228.570 418.940
327.340 271.570
425.980 166.310
124.910 82.100
222.200 207.360
152.120 232.600
136.350 291.570
82.100 61.160
270.520 185.930
166.310 62.610
38.820 20.000
421.460 124.210
348.130 292.630
144.210 440.030
184.020 102.100
85.620 268.180
81.050 307.760
375.780 435.250
87.090 398.750
158.870 271.040
229.470 351.450
237.220 129.530
229.330 67.820
352.800 48.800
296.160 123.150
330.270 141.750
363.590 138.920
299.180 356.230
313.670 180.860
334.730 360.000
375.780 348.150
396.840 387.590
35.140 285.200
150.870 340.660
90.660 227.620
125.300 157.100
211.620 81.400
239.560 112.410
305.930 374.950
303.330 412.840
387.000 175.220
452.380 66.660
297.345 478.685
248.175 375.605
201.780 172.255
211.600 326.300
386.375 228.930
384.870 72.480
149.465 154.090
73.155 129.105
278.465 239.740
158.940 387.895
