[Border]
490 10
490 490
10 490
10 10

[Obstacle]
239.473684 344.736842
239.473684 365.789474
281.578947 365.789474
281.578947 344.736842
260.526316 323.684211
260.526316 344.736842

[Obstacle]
450 155.263158
450 134.210526
407.894737 134.210526
428.947368 155.263158

[Obstacle]
176.315789 197.368421
155.263158 218.421053
176.315789 218.421053

[Obstacle]
92.105263 407.894737
134.210526 407.894737
155.263158 386.842105
134.210526 386.842105
113.157895 365.789474
92.105263 386.842105
113.157895 386.842105

[Obstacle]
50 50
50 71.052632
71.052632 71.052632
71.052632 50

[Obstacle]
92.105263 134.210526
71.052632 134.210526
71.052632 155.263158
50 155.263158
50 176.315789
92.105263 176.315789

[Obstacle]
218.421053 71.052632
218.421053 113.157895
197.368421 113.157895
197.368421 155.263158
218.421053 155.263158
218.421053 134.210526
239.473684 113.157895
239.473684 92.105263

[Obstacle]
50 197.368421
50 239.473684
92.105263 239.473684
71.052632 218.421053
92.105263 218.421053
92.105263 197.368421

[Obstacle]
218.421053 302.631579
218.421053 344.736842
239.473684 323.684211
239.473684 281.578947

[Obstacle]
386.842105 134.210526
407.894737 113.157895
407.894737 92.105263
386.842105 71.052632
365.789474 92.105263
386.842105 92.105263
365.789474 113.157895
386.842105 113.157895
365.789474 134.210526

[Obstacle]
302.631579 71.052632
281.578947 92.105263
281.578947 113.157895
344.736842 113.157895
344.736842 92.105263
365.789474 71.052632
365.789474 50
323.684211 92.105263
302.631579 92.105263

[Obstacle]
197.368421 323.684211
197.368421 281.578947
176.315789 281.578947
176.315789 302.631579
155.263158 302.631579
155.263158 323.684211

[Obstacle]
176.315789 92.105263
197.368421 92.105263
197.368421 50
176.315789 50

[Obstacle]
302.631579 239.473684
281.578947 239.473684
302.631579 260.526316
323.684211 260.526316
323.684211 239.473684
344.736842 218.421053
365.789474 218.421053
344.736842 197.368421
323.684211 197.368421
323.684211 218.421053
302.631579 197.368421

[Obstacle]
386.842105 281.578947
365.789474 281.578947
365.789474 302.631579
344.736842 302.631579
344.736842 323.684211
365.789474 323.684211
386.842105 302.631579

[Obstacle]
260.526316 281.578947
281.578947 281.578947
281.578947 260.526316
260.526316 260.526316

[Obstacle]
260.526316 50
239.473684 50
239.473684 71.052632
260.526316 92.105263
281.578947 71.052632
260.526316 71.052632

[Obstacle]
450 71.052632
428.947368 71.052632
450 50
407.894737 50
407.894737 71.052632
428.947368 92.105263

[Obstacle]
176.315789 365.789474
218.421053 365.789474
197.368421 344.736842
134.210526 344.736842
134.210526 365.789474
155.263158 365.789474
176.315789 386.842105
197.368421 386.842105

[Obstacle]
197.368421 428.947368
197.368421 450
260.526316 450
260.526316 428.947368

[Obstacle]
134.210526 197.368421
113.157895 176.315789
113.157895 197.368421
134.210526 218.421053
176.315789 176.315789
176.315789 155.263158
155.263158 176.315789
134.210526 176.315789

[Obstacle]
134.210526 239.473684
113.157895 218.421053
113.157895 260.526316
92.105263 260.526316
113.157895 281.578947
155.263158 281.578947
134.210526 260.526316

[Obstacle]
260.526316 218.421053
239.473684 239.473684
260.526316 239.473684
281.578947 218.421053

[Obstacle]
407.894737 281.578947
450 281.578947
450 260.526316
407.894737 260.526316
407.894737 239.473684
386.842105 239.473684
386.842105 260.526316

[Obstacle]
197.368421 197.368421
197.368421 239.473684
218.421053 239.473684
239.473684 218.421053
218.421053 218.421053

[Obstacle]
407.894737 302.631579
428.947368 323.684211
450 323.684211
450 302.631579

[Obstacle]
323.684211 450
365.789474 450
365.789474 428.947368
344.736842 428.947368
344.736842 407.894737
323.684211 407.894737

[Obstacle]
71.052632 428.947368
50 450
134.210526 450
134.210526 428.947368

[Obstacle]
218.421053 260.526316
197.368421 260.526316
218.421053 281.578947

[Obstacle]
155.263158 71.052632
155.263158 50
92.105263 50
92.105263 71.052632

[Obstacle]
344.736842 344.736842
344.736842 386.842105
365.789474 365.789474
365.789474 344.736842

[Obstacle]
71.052632 113.157895
92.105263 113.157895
92.105263 92.105263
50 92.105263
50 134.210526

[Obstacle]
407.894737 365.789474
407.894737 323.684211
386.842105 323.684211
386.842105 344.736842

[Obstacle]
407.894737 176.315789
407.894737 155.263158
386.842105 176.315789
386.842105 197.368421
407.894737 197.368421
407.894737 218.421053
450 218.421053
428.947368 197.368421
450 197.368421
450 176.315789

[Obstacle]
155.263158 92.105263
113.157895 92.105263
113.157895 155.263158
134.210526 155.263158
134.210526 113.157895
155.263158 113.157895
155.263158 155.263158
176.315789 134.210526
176.315789 113.157895

[Obstacle]
365.789474 197.368421
365.789474 176.315789
386.842105 155.263158
365.789474 155.263158
344.736842 134.210526
344.736842 155.263158
323.684211 155.263158
323.684211 176.315789
344.736842 176.315789

[Obstacle]
302.631579 281.578947
281.578947 302.631579
260.526316 302.631579
323.684211 365.789474
323.684211 323.684211
302.631579 323.684211
302.631579 302.631579
323.684211 302.631579
344.736842 281.578947

[Obstacle]
281.578947 197.368421
302.631579 176.315789
302.631579 155.263158
323.684211 134.210526
281.578947 134.210526
260.526316 113.157895
260.526316 134.210526
239.473684 134.210526
260.526316 155.263158
281.578947 155.263158

[Obstacle]
302.631579 365.789474
281.578947 386.842105
260.526316 386.842105
281.578947 407.894737
260.526316 407.894737
281.578947 428.947368
281.578947 450
302.631579 450
302.631579 407.894737
323.684211 386.842105
302.631579 386.842105

[Obstacle]
239.473684 407.894737
239.473684 386.842105
218.421053 386.842105
197.368421 407.894737

[Obstacle]
365.789474 260.526316
365.789474 239.473684
344.736842 239.473684
344.736842 260.526316

[Obstacle]
50 323.684211
71.052632 323.684211
71.052632 302.631579
92.105263 281.578947
71.052632 281.578947
71.052632 260.526316
50 260.526316

[Obstacle]
450 344.736842
428.947368 344.736842
428.947368 365.789474
407.894737 386.842105
428.947368 386.842105
428.947368 407.894737
450 386.842105

[Obstacle]
386.842105 450
407.894737 428.947368
407.894737 450
450 450
450 407.894737
428.947368 428.947368
407.894737 407.894737
386.842105 407.894737
386.842105 365.789474
365.789474 386.842105
365.789474 407.894737
386.842105 428.947368

[Obstacle]
155.263158 239.473684
155.263158 260.526316
176.315789 260.526316
176.315789 239.473684

[Obstacle]
50 344.736842
50 407.894737
71.052632 407.894737
71.052632 365.789474
92.105263 365.789474
113.157895 344.736842

[Obstacle]
197.368421 176.315789
218.421053 197.368421
260.526316 197.368421
260.526316 176.315789

[Obstacle]
428.947368 113.157895
450 113.157895
450 92.105263

[Obstacle]
176.315789 407.894737
155.263158 407.894737
155.263158 450
176.315789 450

[Obstacle]
134.210526 302.631579
92.105263 302.631579
92.105263 323.684211
134.210526 323.684211

