6450 4400
5156.000 4541.000
1456.000 2074.000
4114.000 7135.000
9050.000 6836.000
9033.000 9179.000
2151.000 7166.000
988.000 2572.000
3642.000 6042.000
8921.000 7243.000
9033.000 3263.000
4038.000 6026.000
10813.000 7272.000
9047.000 6422.000
3679.000 7135.000
4925.000 8659.000
4861.000 4107.000
993.000 5257.000
4859.000 2219.000
2589.000 2070.000
4860.000 3912.000
3254.000 6042.000
1612.000 7165.000
11516.000 7272.000
8358.000 9748.000
9039.000 4854.000
700.000 7139.000
4530.000 7160.000
8085.000 4542.000
4857.000 3036.000
989.000 4271.000
4858.000 1558.000
9366.000 7272.000
1424.000 6026.000
4868.000 8240.000
12080.000 7272.000
2328.000 7386.000
1730.000 6045.000
9035.000 4166.000
8186.000 9281.000
859.000 5567.000
9864.000 7272.000
3522.000 7135.000
8916.000 5333.000
2382.000 8586.000
2293.000 6042.000
6623.000 4564.000
7711.000 4565.000
4626.000 5163.000
991.000 4921.000
3013.000 7164.000
2363.000 8100.000
2344.000 7595.000
1625.000 2073.000
5442.000 9735.000
4861.000 3538.000
959.000 2155.000
4055.000 2064.000
9033.000 8829.000
13013.000 7273.000
4857.000 6023.000
2740.000 6042.000
2478.000 7166.000
7783.000 8656.000
5233.000 9728.000
7137.000 4564.000
4626.000 6254.000
9042.000 5690.000
8660.000 4566.000
4360.000 6566.000
8558.000 8316.000
997.000 6741.000
999.000 5826.000
2180.000 2080.000
4491.000 5683.000
9043.000 5855.000
4371.000 9053.000
4625.000 4764.000
8915.000 5168.000
2343.000 7783.000
2497.000 9032.000
4371.000 9946.000
4364.000 8862.000
4190.000 6026.000
4565.000 2063.000
1245.000 6047.000
2896.000 6042.000
8012.000 9732.000
4627.000 5344.000
2345.000 9262.000
8918.000 6312.000
8701.000 8006.000
4704.000 6057.000
1094.000 7164.000
4626.000 6618.000
8186.000 8921.000
5035.000 9728.000
5358.000 4564.000
8918.000 3655.000
4858.000 1889.000
1299.000 2075.000
4861.000 3328.000
2365.000 8298.000
2389.000 8784.000
8901.000 3958.000
8919.000 6646.000
7060.000 8626.000
267.000 6030.000
8548.000 9746.000
8916.000 6089.000
8546.000 4136.000
9531.000 7272.000
9186.000 7251.000
985.000 3569.000
996.000 6230.000
4859.000 2417.000
9033.000 9623.000
997.000 6958.000
8920.000 7060.000
4862.000 4333.000
998.000 5626.000
6230.000 4564.000
114.000 6291.000
527.000 6538.000
4369.000 9726.000
1254.000 7135.000
9036.000 4466.000
9034.000 3849.000
2585.000 6042.000
812.000 5973.000
4859.000 2600.000
7855.000 9734.000
8547.000 4335.000
4626.000 6412.000
2539.000 9237.000
9031.000 2842.000
4358.000 6331.000
4478.000 8630.000
9040.000 5072.000
612.000 6025.000
4366.000 9206.000
11208.000 7272.000
2353.000 9492.000
8186.000 9625.000
5877.000 8627.000
6013.000 4564.000
9033.000 7608.000
6889.000 8656.000
1089.000 2075.000
4243.000 2063.000
996.000 6413.000
9033.000 9390.000
8186.000 9446.000
8559.000 8127.000
5099.000 8627.000
6292.000 4415.000
7911.000 4542.000
3890.000 2077.000
8911.000 4663.000
7629.000 8656.000
4305.000 7093.000
9033.000 3488.000
4860.000 7376.000
4491.000 5877.000
6437.000 4564.000
112.000 6444.000
4625.000 4977.000
8528.000 8554.000
8186.000 9092.000
4627.000 5539.000
1781.000 7165.000
8361.000 8626.000
983.000 2725.000
4668.000 7072.000
3440.000 6026.000
115.000 6126.000
4859.000 3753.000
998.000 5457.000
11895.000 7249.000
860.000 5745.000
2643.000 7135.000
995.000 5084.000
3828.000 7162.000
8734.000 4042.000
3049.000 6042.000
9033.000 9005.000
2504.000 9536.000
1425.000 7135.000
989.000 3154.000
861.000 6854.000
4367.000 4579.000
8915.000 4983.000
7953.000 8626.000
4714.000 2077.000
4369.000 4955.000
8854.000 7972.000
9044.000 6218.000
7443.000 8626.000
8918.000 3137.000
2356.000 7931.000
9033.000 7941.000
11361.000 7272.000
4353.000 6135.000
996.000 6567.000
9706.000 7272.000
421.000 6027.000
9044.000 6004.000
861.000 7024.000
2325.000 7135.000
4401.000 2077.000
9051.000 7149.000
1779.000 2080.000
8941.000 9744.000
6984.000 4542.000
1575.000 6045.000
8916.000 5774.000
8186.000 8765.000
9040.000 5249.000
2549.000 9390.000
4667.000 4619.000
9036.000 4315.000
9051.000 6986.000
526.000 6435.000
581.000 6137.000
673.000 6506.000
763.000 6338.000
222.000 6411.000
541.000 6286.000
379.000 6405.000
4414.000 7037.000
4549.000 6977.000
4513.000 6665.000
4462.000 6125.000
4563.000 6008.000
4572.000 6422.000
8502.000 9491.000
8658.000 9469.000
8726.000 8519.000
8872.000 8468.000
8557.000 8846.000
8804.000 8363.000
8690.000 9670.000
8795.000 9179.000
8683.000 9337.000
8555.000 9101.000
8443.000 9381.000
8840.000 9632.000
8771.000 8889.000
8846.000 8094.000
8691.000 8636.000
9033.000 9005.000
8796.000 8699.000
8856.000 9043.000
8301.000 9614.000
8303.000 8956.000
8379.000 8718.000
8449.000 8983.000
8923.000 9402.000
8750.000 8271.000
8688.000 9037.000
8932.000 8214.000
8771.000 4283.000
8954.000 4158.000
8751.000 4498.000
8988.000 4351.000
93.000 6501.000
872.000 2050.000
863.000 5432.000
1776.000 6017.000
2228.000 6066.000
2033.000 6008.000
2553.000 9658.000
3280.000 7116.000
3481.000 7186.000
4298.000 7196.000
4406.000 8668.000
4338.000 8624.000
4406.000 4511.000
4428.000 10345.000
4389.000 10378.000
4247.000 6008.000
4364.000 9501.000
4377.000 9436.000
4708.000 7127.000
4866.000 1364.000
4940.000 917.000
4812.000 853.000
4858.000 562.000
4850.000 794.000
4857.000 262.000
4859.000 1108.000
4861.000 332.000
4851.000 138.000
4940.000 7111.000
4892.000 1977.000
5001.000 5988.000
5925.000 8664.000
6067.000 4511.000
6167.000 8607.000
8246.000 9788.000
8873.000 4721.000
8892.000 6015.000
8892.000 3712.000
8908.000 6557.000
9044.000 4085.000
9027.000 4659.000
9014.000 9744.000
9022.000 3669.000
8987.000 7771.000
9424.000 7137.000
9400.000 7032.000
10137.000 7227.000
10391.000 7248.000
12348.000 7231.000
6131.000 8644.500
4857.500 2794.750
4354.500 6828.000
5809.500 4558.500
2481.000 9702.000
2980.000 2073.500
3654.500 2058.000
12566.000 7272.250
984.500 2952.000
5299.000 8659.000
4874.000 7825.500
4581.500 9744.500
7282.000 8655.500
978.000 3326.000
8325.750 4566.000
982.500 4059.500
4857.000 7574.000
4353.500 9466.750
1995.000 6038.000
10076.500 7261.000
6611.000 8658.500
991.250 3807.250
8912.000 7762.500
4683.500 8665.250
4374.500 5135.500
4918.500 7216.000
8911.000 5582.500
4623.000 6828.000
11017.000 7266.000
1947.750 2074.000
6827.000 4537.000
8116.000 8621.500
801.500 6588.000
991.500 4693.000
7326.000 4551.000
6550.500 4407.500
4387.500 4793.500
10605.500 7264.500
8916.500 7490.500
274.000 6544.000
3417.500 2085.000
2326.500 9001.000
9036.500 3020.000
5716.000 8651.000
4375.250 10191.250
4966.000 4567.500
10354.250 7273.000
4778.500 4514.500
9045.500 8583.750
6392.000 8639.000
9034.000 8096.500
8785.000 9746.500
3226.000 7151.500
4863.000 8414.500
1991.750 7131.000
2819.000 7157.500
3210.000 2076.000
12799.000 7258.500
11700.500 7254.000
9058.500 7353.000
12305.500 7264.000
7551.500 4568.000
4482.000 5424.500
1072.000 6066.000
995.500 4461.500
9032.000 8331.000
3811.000 6034.500
991.000 2367.500
5509.000 8645.500
918.500 7169.500
5592.750 4546.000
4633.000 5781.500
4516.000 4549.500
4814.500 9731.500
2367.500 2074.000
9043.500 5485.000
2810.000 2070.500
13204.250 7268.500
4861.750 8076.250
8495.500 4508.500
8912.750 3384.000
4445.000 5260.000
383.000 6248.500
725.000 6320.000
772.000 6085.500
4846.500 1640.750
8449.500 9168.000
160.500 6011.000
576.000 7174.500
728.000 2089.000
2365.500 8527.500
2506.000 6009.500
4033.500 7120.000
4846.500 3098.000
4897.500 1157.375
6825.000 8621.000
7753.750 9764.000
8551.500 4073.000
8558.500 8044.000
8895.250 2869.500
8925.000 6888.500
9044.000 6652.000
