325.60797043675757 1313.5082037378893
864.001530862234 137.19431751818402
206.86680429347388 3806.505210070084
412.8317909768604 3324.245425382893
30.790696309776763 839.9049831829926
2164.437104738536 3708.8376310960566
1156.5140504940928 3956.8851879427007
2195.6126433325912 3928.6683761404765
1470.0081285364158 2140.5278564010932
1920.3009347755988 3561.2712963612857
1920.3317475541824 2532.2562534720914
1919.7569534191603 2566.0981380715402
2734.2905858967397 2427.8279517234505
1173.9349680765022 2336.6742414449764
919.5913713261193 1512.0854786478342
1485.8769074675977 1733.7854614905693
2723.600387017862 2964.1170874807412
2476.6756563972663 1721.4484499239795
3408.286779445656 1200.9374093522758
2991.6356878151923 1017.570964740409
1992.9976827277887 788.5287828206573
2071.5896581346233 663.3981780870852
2082.9657656787335 1509.6301220590783
2428.6829268678507 1822.0188712548638
2868.072013132187 2070.5960156599845
3906.649781923242 1442.4267783904893
1893.416457263134 25.427812798404933
3549.6199703130874 3619.4033974412982
3250.941487518351 3355.151966991971
3633.0293709372363 1872.3535805935194
2040.6617758958319 1102.605069141782
1153.8178301504784 1338.4702128527344
1684.2051312552837 51.71796894428334
2739.9933563123313 533.7301704730576
1595.042759632534 1194.0227708656153
943.3882926420247 501.9202269749935
41.25110471902569 239.48344103541908
