[INFO]
FORMAT=MAP_POINTS_CITY_POINTS
NAME=a.txt
VERSION=1.0
COMMENT=Load from simple-txt file 'old_maps/src/a.txt'
COMMENT=Created from file 'old_maps/src/a.txt' by program ./tmap_convert version 0.5
COMMENT=Created from file '../data/maps/a/a.txt' by program ./tmap_convert version 0.5
COMMENT=Cities appended from the file 'cities4/a/Dinf/0/cities.txt'

[MAP_POINTS]
0 297.907991 -74.072233
1 311.875293 -434.614889
2 56.283216 -435.1932
3 54.355476 -502.443973
4 100 -507.484847
5 100 -538.262942
6 50.106491 -541.006105
7 49.944649 -1479.204609
8 914.6742 -1480.397137
9 915.170459 -1177.694983
10 780.87082 -1173.66779
11 779.532212 -1070.705044
12 914.53084 -1069.633063
13 915.228015 -869.575442
14 889.207647 -850
15 780.850386 -850
16 779.537473 -739.381414
17 934.688543 -745.959038
18 935.158071 -430.449807
19 720.283363 -429.768293
20 719.844919 -76.832734
21 244.44064 -930.921403
22 250.757799 -1070.570242
23 160 -1068.975383
24 160 -1010
25 142.794698 -937.205302
26 150.423348 -929.576652
27 640.364646 -510.757576
28 639.304633 -644.249174
29 574.437495 -646.396197
30 576.068764 -729.431062
31 660.462796 -731.089033
32 659.118899 -834.458558
33 569.798408 -836.02816
34 570.394669 -1079.478808
35 665.407307 -1080.981129
36 664.221995 -1199.42535
37 579.31355 -1201.093427
38 581.288754 -1270
39 757.332056 -1270
40 761.212498 -1296.439138
41 730 -1303.294553
42 730 -1362.02595
43 765.671627 -1368.08819
44 763.598343 -1430.727449
45 700.387786 -1428.635256
46 699.237638 -1304.11729
47 645.401317 -1306.579627
48 644.216245 -1425
49 522.708045 -1425
50 517.378973 -1385.642661
51 448.15921 -1383.65848
52 452.948157 -1360.633284
53 520.264823 -1358.703655
54 519.479943 -1174.819177
55 247.787386 -1175.348483
56 239.607858 -1260.918404
57 230.88814 -1360
58 403.333333 -1360
59 403.333333 -1385.196105
60 157.54424 -1384.617726
61 149.265926 -1152.375131
62 163.934269 -1146.299305
63 167.352408 -1115
64 242.515153 -1115
65 247.544478 -1160.539946
66 329.840352 -1158.923195
67 330.315867 -849.377854
68 381.019884 -855.875476
69 457.606952 -817.479607
70 514.247807 -741.611857
71 519.997673 -647.551757
72 454.42866 -639.888631
73 319.790555 -650.868184
74 344.756979 -550
75 512.020073 -550
76 518.405571 -509.631064
77 301.499586 -550.688662
78 279.265777 -629.389858
79 240.18917 -614.776181
80 239.631882 -880.582702
81 155 -878.920059
82 155 -752.708045
83 195 -747.291955
84 195 -712.97405
85 159.472287 -706.936267
86 161.069945 -549.650513
87 660.3106 -280.360916
88 659.402221 -440.183997
89 389.444837 -439.63859
90 391.068255 -279.816953
91 825.351576 -510.787274
92 824.319391 -650.410314
93 704.380481 -649.210045
94 706.198981 -509.594873
95 856.14745 -941.523944
96 852.832414 -980.755737
97 793.374737 -978.457588
98 798.05591 -939.278598

[MAP_BORDER]
0
1
2
3
4
5
6
7
8
9
10
11
12
13
14
15
16
17
18
19
20

[MAP_OBSTACLE]
21
22
23
24
25
26

[MAP_OBSTACLE]
27
28
29
30
31
32
33
34
35
36
37
38
39
40
41
42
43
44
45
46
47
48
49
50
51
52
53
54
55
56
57
58
59
60
61
62
63
64
65
66
67
68
69
70
71
72
73
74
75
76

[MAP_OBSTACLE]
77
78
79
80
81
82
83
84
85
86

[MAP_OBSTACLE]
87
88
89
90

[MAP_OBSTACLE]
91
92
93
94

[MAP_OBSTACLE]
95
96
97
98

[CITY_POINTS]
0 320.40272482146 -493.94657405076
1 247.21127121591 -693.30566163183
2 51.971346932258 -544.31604996099
3 86.770273859721 -1132.1765758203
4 317.2122229086 -1106.5764918188
5 98.388411648202 -923.07439238786
6 92.27749496056 -738.36358763821
7 709.09890835987 -1198.0599410039
8 708.17933858259 -254.82985934441
9 738.37725030401 -745.65431839457
10 818.25702903488 -698.97393011643
11 604.30496151483 -869.3597034648
12 596.29236677873 -1201.0964678702
13 856.94420772324 -1451.6670280513
14 744.61431756104 -1360.5498724518
15 695.52007028024 -1450.3378733943
16 387.41598772672 -1268.3601395852
17 514.14385395075 -1460.903968438
18 844.9202309915 -1024.4280385492
19 856.44340625502 -889.96131400558
20 880.2555326026 -977.77104685952
21 895.44026569836 -553.69328070189

