1585.000 -4946.000
1447.000 -4880.000
1244.000 -4937.000
1223.000 -5049.000
1585.000 -5134.000
1214.000 -5216.000
1405.000 -5490.000
1585.000 -5301.000
1312.000 -5376.000
1555.000 -5436.000
1345.000 -4880.000
1438.000 -1487.000
1654.000 -1314.000
1269.000 -1425.000
1635.000 -1536.000
1654.000 -1204.000
1367.000 -1045.000
1230.000 -1153.000
1531.000 -1044.000
1649.000 -1075.000
1538.000 -1494.000
1654.000 -1433.000
1959.000 -3749.000
1959.000 -3544.000
1364.000 -3281.000
1959.000 -2851.000
1364.000 -3579.000
1712.000 -2594.000
1364.000 -3166.000
1959.000 -3294.000
1364.000 -3003.000
1461.000 -2594.000
1364.000 -3389.000
1423.000 -3761.000
1364.000 -2854.000
1783.000 -3777.000
1364.000 -2651.000
1959.000 -2638.000
1888.000 -3826.000
1959.000 -3645.000
1959.000 -3431.000
1580.000 -2594.000
1959.000 -2955.000
1959.000 -2743.000
1959.000 -3174.000
1364.000 -2752.000
1364.000 -3680.000
1864.000 -4180.000
1951.000 -4092.000
2025.000 -4164.000
1909.000 -5214.000
1910.000 -5096.000
2052.000 -5485.000
2058.000 -4947.000
2058.000 -5090.000
2058.000 -5191.000
2058.000 -5374.000
2016.000 -4840.000
1924.000 -4880.000
1910.000 -4984.000
2069.000 -4539.000
1965.000 -4576.000
2113.000 -1807.000
1987.000 -1864.000
2092.000 -1503.000
1989.000 -1160.000
2119.000 -1313.000
2119.000 -1112.000
1989.000 -1382.000
1989.000 -1275.000
2022.000 -1064.000
2119.000 -1212.000
2413.000 -1811.000
2410.000 -5025.000
2550.000 -5024.000
2410.000 -4898.000
2550.000 -5204.000
2409.000 -5236.000
2514.000 -5415.000
2550.000 -4879.000
2409.000 -5348.000
2550.000 -5309.000
2409.000 -5124.000
2455.000 -1262.000
2574.000 -1415.000
2454.000 -1502.000
2574.000 -1244.000
2461.000 -1065.000
2454.000 -1371.000
2503.000 -4222.000
3005.000 -5085.000
3005.000 -5296.000
2879.000 -4973.000
2879.000 -5198.000
3005.000 -4982.000
2934.000 -5484.000
2879.000 -5302.000
2907.000 -4873.000
3004.000 -5396.000
2879.000 -5085.000
3005.000 -5195.000
3026.000 -1065.000
2914.000 -1239.000
3039.000 -1192.000
2914.000 -1084.000
3039.000 -1411.000
2914.000 -1407.000
3006.000 -1526.000
3039.000 -1308.000
3474.000 -4888.000
3349.000 -4902.000
3474.000 -5118.000
3349.000 -5113.000
3400.000 -5461.000
3349.000 -5337.000
3474.000 -5262.000
3474.000 -4998.000
3474.000 -5370.000
3349.000 -5219.000
3349.000 -5005.000
3499.000 -1086.000
3384.000 -1294.000
3499.000 -1295.000
3384.000 -1185.000
3399.000 -1508.000
3499.000 -1488.000
3386.000 -1064.000
3384.000 -1400.000
3499.000 -1193.000
3673.000 -4574.000
3804.000 -4543.000
3475.000 -4504.000
3453.000 -4611.000
3571.000 -4564.000
3723.000 -1820.000
3844.000 -1791.000
3622.000 -1820.000
3804.000 -5202.000
3871.000 -5494.000
3805.000 -5050.000
3940.000 -5344.000
3856.000 -4849.000
3940.000 -5010.000
3940.000 -5225.000
3940.000 -5122.000
3804.000 -5314.000
3805.000 -4945.000
3940.000 -4908.000
3959.000 -1486.000
3835.000 -1149.000
3959.000 -1333.000
3959.000 -1089.000
3835.000 -1291.000
3959.000 -1227.000
3904.000 -4206.000
4270.000 -4922.000
4269.000 -5160.000
4395.000 -5121.000
4395.000 -5258.000
4269.000 -5318.000
4391.000 -4866.000
4366.000 -5428.000
4395.000 -4995.000
4269.000 -5047.000
4391.000 -1060.000
4429.000 -1199.000
4299.000 -1276.000
4398.000 -1534.000
4429.000 -1425.000
4299.000 -1105.000
4429.000 -1324.000
4874.000 -5287.000
4874.000 -5157.000
4739.000 -4933.000
4739.000 -5368.000
4739.000 -5129.000
4793.000 -4832.000
4848.000 -5405.000
4874.000 -4973.000
4739.000 -5264.000
4794.000 -5494.000
4899.000 -1430.000
4764.000 -1250.000
4899.000 -1179.000
4785.000 -1522.000
4764.000 -1090.000
4899.000 -1288.000
4764.000 -1411.000
4868.000 -1074.000
4810.000 -4193.000
4868.000 -1825.000
5105.000 -1828.000
4998.000 -1829.000
4918.000 -4553.000
5209.000 -1784.000
5227.000 -4538.000
5335.000 -5135.000
5209.000 -5130.000
5214.000 -5392.000
5209.000 -4924.000
5335.000 -4942.000
5335.000 -5350.000
5209.000 -5278.000
5290.000 -5475.000
5209.000 -5026.000
5335.000 -5237.000
5229.000 -1545.000
5230.000 -1203.000
5334.000 -1466.000
5334.000 -1200.000
5334.000 -1310.000
5235.000 -1094.000
5230.000 -1429.000
5230.000 -1320.000
5291.000 -4198.000
7861.000 -4217.000
7120.000 -4611.000
8275.000 -4607.000
6438.000 -4277.000
8270.000 -1444.000
7377.000 -4117.000
7114.000 -3719.000
7278.000 -4602.000
7161.000 -3472.000
8525.000 -1790.000
7119.000 -2475.000
7435.000 -3419.000
5774.000 -3619.000
7119.000 -2215.000
5773.000 -3293.000
8127.000 -4605.000
8709.000 -4609.000
6478.000 -3409.000
7114.000 -4397.000
6393.000 -3724.000
8003.000 -1044.000
9374.000 -3286.000
5773.000 -2454.000
8789.000 -4267.000
8665.000 -4505.000
8726.000 -2761.000
8789.000 -4007.000
6444.000 -2648.000
6444.000 -2958.000
6065.000 -4059.000
8794.000 -3038.000
8448.000 -3662.000
8717.000 -2606.000
6434.000 -2509.000
8507.000 -4520.000
8794.000 -2042.000
7902.000 -1630.000
8364.000 -4381.000
7981.000 -849.000
7552.000 -4383.000
6131.000 -2713.000
7135.000 -2044.000
8482.000 -2736.000
7703.000 -1268.000
9374.000 -3088.000
7901.000 -4604.000
7601.000 -4602.000
6132.000 -3127.000
9253.000 -4569.000
7163.000 -1789.000
5750.000 -2226.000
8302.000 -1672.000
7114.000 -4025.000
8433.000 -1940.000
7452.000 -2601.000
8896.000 -4606.000
8784.000 -3574.000
8491.000 -2343.000
7231.000 -3773.000
8539.000 -4107.000
7154.000 -2793.000
6044.000 -2507.000
7843.000 -1934.000
8096.000 -4168.000
7138.000 -4244.000
8681.000 -1910.000
8370.000 -1388.000
8087.000 -1456.000
6444.000 -2151.000
6431.000 -4042.000
6976.000 -3190.000
7829.000 -1448.000
8508.000 -3054.000
8347.000 -2132.000
7268.000 -3368.000
8757.000 -2176.000
7554.000 -1344.000
7359.000 -1789.000
8877.000 -1790.000
6453.000 -3558.000
9054.000 -4569.000
5774.000 -3929.000
8104.000 -1709.000
8370.000 -1276.000
8126.000 -1885.000
7711.000 -1753.000
7271.000 -2305.000
6045.000 -2927.000
7494.000 -2791.000
8137.000 -2248.000
8056.000 -1171.000
6365.000 -2275.000
6062.000 -3745.000
8460.000 -4023.000
6259.000 -3189.000
7559.000 -2001.000
9037.000 -3183.000
9068.000 -3282.000
8293.000 -4204.000
7160.000 -2969.000
9167.000 -3057.000
6044.000 -3939.000
6066.000 -3367.000
7504.000 -2960.000
7743.000 -2249.000
5773.000 -2889.000
8782.000 -2434.000
8586.000 -4608.000
7238.000 -4069.000
6444.000 -2854.000
8688.000 -2338.000
7802.000 -4494.000
7688.000 -1414.000
5801.000 -4160.000
6720.000 -3285.000
8753.000 -3851.000
6082.000 -3586.000
7445.000 -3682.000
5773.000 -2615.000
8766.000 -4389.000
7751.000 -4602.000
7233.000 -2629.000
8394.000 -2490.000
7114.000 -3873.000
7754.000 -4134.000
7912.000 -1134.000
7518.000 -3944.000
8737.000 -1790.000
7890.000 -2138.000
8690.000 -3036.000
6434.000 -3852.000
5774.000 -3768.000
8789.000 -3448.000
6013.000 -4155.000
6336.000 -2770.000
8663.000 -4073.000
7003.000 -1806.000
5865.000 -2220.000
8250.000 -2225.000
8458.000 -2220.000
7393.000 -4512.000
7471.000 -3828.000
6983.000 -4545.000
8789.000 -2867.000
8290.000 -4451.000
5682.000 -4129.000
8789.000 -3735.000
8924.000 -3256.000
7119.000 -2678.000
8062.000 -2171.000
8125.000 -1246.000
8001.000 -1538.000
7225.000 -4478.000
8689.000 -3702.000
7508.000 -1684.000
8268.000 -1908.000
7688.000 -1878.000
7473.000 -4201.000
6872.000 -3259.000
5773.000 -3493.000
7270.000 -1889.000
7524.000 -2484.000
7556.000 -1111.000
7478.000 -2192.000
6551.000 -3330.000
8395.000 -2844.000
7990.000 -2043.000
6488.000 -3945.000
7099.000 -3385.000
6137.000 -3296.000
8392.000 -4608.000
6354.000 -3628.000
6762.000 -3119.000
8394.000 -3564.000
8380.000 -4257.000
5773.000 -2757.000
7890.000 -4407.000
8545.000 -3357.000
6548.000 -3073.000
7427.000 -3034.000
7658.000 -4494.000
8052.000 -1955.000
6362.000 -3108.000
8096.000 -957.000
6501.000 -3753.000
8201.000 -4519.000
9283.000 -3334.000
5760.000 -4049.000
8861.000 -1905.000
5975.000 -2230.000
6330.000 -4142.000
6044.000 -3469.000
8344.000 -1523.000
8794.000 -2311.000
7601.000 -1647.000
8908.000 -3153.000
8691.000 -3410.000
7806.000 -1717.000
6096.000 -2816.000
8438.000 -1708.000
9170.000 -3373.000
7076.000 -1931.000
7146.000 -3623.000
8789.000 -4129.000
9374.000 -4531.000
6445.000 -4164.000
6150.000 -4147.000
8207.000 -1754.000
7119.000 -2357.000
8209.000 -4134.000
7474.000 -4602.000
8007.000 -4604.000
6044.000 -2370.000
7860.000 -882.000
7448.000 -4028.000
6047.000 -2626.000
8850.000 -3328.000
6135.000 -3672.000
8172.000 -1394.000
5773.000 -2326.000
8697.000 -4173.000
8446.000 -4174.000
7554.000 -1234.000
8410.000 -4476.000
8341.000 -1983.000
8794.000 -2669.000
8630.000 -1790.000
7114.000 -4131.000
8644.000 -2677.000
9374.000 -3388.000
7898.000 -1523.000
6058.000 -3051.000
9263.000 -3089.000
7119.000 -2576.000
5773.000 -3001.000
5901.000 -4155.000
8794.000 -2533.000
5773.000 -3392.000
7212.000 -4170.000
8224.000 -1263.000
6444.000 -2752.000
8035.000 -1634.000
8603.000 -3089.000
5799.000 -4962.000
5794.000 -5393.000
5664.000 -4919.000
5799.000 -5285.000
5799.000 -5129.000
5664.000 -5048.000
5664.000 -5382.000
5719.000 -5478.000
5784.000 -4861.000
5689.000 -1509.000
5804.000 -1161.000
5804.000 -1316.000
5690.000 -1277.000
5804.000 -1472.000
5690.000 -1146.000
5690.000 -1407.000
6129.000 -5158.000
6269.000 -5334.000
6129.000 -4922.000
6129.000 -5278.000
6182.000 -5438.000
6224.000 -4889.000
6129.000 -5048.000
6269.000 -5202.000
6145.000 -1221.000
6264.000 -1484.000
6264.000 -1236.000
6144.000 -1362.000
6264.000 -1345.000
6189.000 -1094.000
6489.000 -4459.000
6649.000 -4619.000
6461.000 -4564.000
6559.000 -4530.000
6519.000 -1900.000
6600.000 -4893.000
6599.000 -5172.000
6724.000 -4992.000
6724.000 -5134.000
6599.000 -5375.000
6599.000 -5021.000
6645.000 -5473.000
6758.000 -5286.000
6702.000 -5389.000
6710.000 -4889.000
6599.000 -5273.000
6734.000 -1374.000
6604.000 -1334.000
6646.000 -1532.000
6769.000 -1171.000
6604.000 -1439.000
6734.000 -1264.000
6734.000 -1480.000
6696.000 -1095.000
6674.000 -1783.000
7072.000 -1095.000
7118.000 -1199.000
7050.000 -5333.000
7154.000 -5353.000
7080.000 -5445.000
7555.000 -886.000
7620.000 -990.000
7696.000 -920.000
8243.000 -921.000
8369.000 -894.000
8369.000 -1005.000
8744.000 -5353.000
8809.000 -5262.000
8839.000 -5421.000
8750.000 -1158.000
8838.000 -1085.000
9174.000 -5101.000
9142.000 -5267.000
9229.000 -4861.000
9300.000 -4999.000
9210.000 -5414.000
9300.000 -5109.000
9175.000 -4945.000
9265.000 -5516.000
9183.000 -1298.000
9309.000 -1111.000
9309.000 -1363.000
9184.000 -1413.000
9286.000 -1516.000
9309.000 -1235.000
9174.000 -1154.000
9210.000 -1825.000
9375.000 -1872.000
1379.000 -5074.000
1446.000 -5251.000
1433.000 -5413.000
1529.000 -5078.000
1313.000 -5293.000
1347.000 -5126.000
1452.000 -5151.000
1460.000 -1251.000
1607.000 -1268.000
1340.000 -1386.000
1574.000 -1179.000
1546.000 -1323.000
1381.000 -1387.000
1352.000 -1277.000
1592.000 -3582.000
1537.000 -3323.000
1673.000 -2856.000
1716.000 -3596.000
1810.000 -2937.000
1885.000 -2813.000
1884.000 -3712.000
1542.000 -3510.000
1701.000 -3395.000
1818.000 -2795.000
1511.000 -3474.000
1759.000 -3411.000
1622.000 -2664.000
1540.000 -3094.000
1488.000 -2840.000
1794.000 -3483.000
1778.000 -3097.000
1761.000 -3198.000
1697.000 -2779.000
1489.000 -2922.000
1721.000 -3210.000
1814.000 -3258.000
1850.000 -3650.000
1663.000 -3302.000
1654.000 -3482.000
1624.000 -2920.000
1463.000 -2997.000
1436.000 -3615.000
1695.000 -2987.000
1744.000 -2686.000
1541.000 -3667.000
1817.000 -3388.000
1393.000 -3484.000
1856.000 -3037.000
1434.000 -3095.000
1860.000 -3151.000
4752.000 -5097.000
5932.000 -3865.000
5954.000 -3577.000
5880.000 -4074.000
5887.000 -2795.000
5951.000 -2308.000
5979.000 -3743.000
5906.000 -4031.000
5921.000 -3174.000
5848.000 -2434.000
5915.000 -3528.000
5913.000 -2848.000
5958.000 -3235.000
5843.000 -2686.000
5905.000 -3296.000
5975.000 -3047.000
5852.000 -3411.000
5981.000 -2715.000
6021.000 -3391.000
5882.000 -3646.000
5831.000 -3848.000
5939.000 -2946.000
5949.000 -2407.000
6033.000 -3840.000
5830.000 -2534.000
6533.000 -3249.000
6397.000 -3118.000
6421.000 -3221.000
7100.000 -4444.000
7591.000 -2350.000
7966.000 -2320.000
7657.000 -3083.000
7176.000 -3226.000
7633.000 -3184.000
7613.000 -2300.000
7826.000 -2401.000
8137.000 -2588.000
8298.000 -3764.000
7894.000 -2504.000
8130.000 -2666.000
7512.000 -3174.000
7526.000 -3352.000
8500.000 -3202.000
8224.000 -3025.000
7642.000 -3469.000
7592.000 -3074.000
8033.000 -2815.000
7818.000 -2243.000
8302.000 -3115.000
8302.000 -4021.000
7723.000 -2328.000
7720.000 -4036.000
7851.000 -2910.000
7527.000 -4048.000
7712.000 -2709.000
7686.000 -2557.000
7816.000 -2745.000
7576.000 -2789.000
8604.000 -3300.000
7802.000 -3570.000
8389.000 -2253.000
7875.000 -3022.000
8355.000 -2326.000
8306.000 -2772.000
8173.000 -2988.000
7823.000 -3870.000
7884.000 -2568.000
7959.000 -2866.000
8790.000 -3269.000
8623.000 -3247.000
7994.000 -3549.000
8073.000 -3630.000
7964.000 -4117.000
7971.000 -2478.000
8002.000 -2551.000
8313.000 -3255.000
8117.000 -2428.000
8029.000 -3940.000
7812.000 -3262.000
7923.000 -3503.000
7917.000 -3247.000
7179.000 -3143.000
7788.000 -2962.000
8081.000 -3091.000
8212.000 -3665.000
7753.000 -3339.000
8257.000 -3599.000
8006.000 -3842.000
8196.000 -3933.000
8234.000 -3795.000
8061.000 -3372.000
7826.000 -3656.000
7441.000 -3217.000
7940.000 -3325.000
8108.000 -3555.000
7927.000 -3083.000
8151.000 -2912.000
8468.000 -3178.000
7579.000 -3333.000
7830.000 -2591.000
7888.000 -3752.000
8763.000 -3190.000
8321.000 -3382.000
7770.000 -4011.000
7915.000 -4104.000
8191.000 -3118.000
7619.000 -3710.000
8074.000 -3807.000
7753.000 -2822.000
8471.000 -3319.000
7983.000 -2943.000
8165.000 -4063.000
7967.000 -3972.000
8350.000 -2558.000
7347.000 -3173.000
7675.000 -3825.000
7654.000 -3635.000
7645.000 -2404.000
8280.000 -2729.000
8371.000 -2632.000
7654.000 -4085.000
8166.000 -2873.000
7815.000 -3080.000
7809.000 -3488.000
7867.000 -3996.000
7786.000 -2531.000
7580.000 -2828.000
8315.000 -3725.000
7912.000 -3709.000
7917.000 -2702.000
8131.000 -3445.000
7388.000 -3351.000
8290.000 -2596.000
7593.000 -3949.000
8048.000 -3152.000
7691.000 -3130.000
7865.000 -3406.000
8204.000 -2752.000
8055.000 -4076.000
8294.000 -3890.000
7471.000 -3828.000
7709.000 -3689.000
7709.000 -3248.000
8342.000 -4144.000
7319.000 -3205.000
7699.000 -3921.000
8220.000 -2895.000
7576.000 -3808.000
8396.000 -3002.000
8043.000 -3251.000
7780.000 -3779.000
8009.000 -3724.000
7960.000 -2208.000
8020.000 -2716.000
8073.000 -2988.000
8234.000 -3326.000
8130.000 -3721.000
7523.000 -2638.000
7627.000 -2636.000
7607.000 -2975.000
8400.000 -3104.000
8392.000 -3792.000
7505.000 -2287.000
7542.000 -3459.000
7993.000 -4210.000
8259.000 -2367.000
7525.000 -1763.000
7604.000 -1878.000
7899.000 -1340.000
8015.000 -1443.000
8021.000 -1361.000
7933.000 -1278.000
7810.000 -1369.000
7761.000 -1843.000
7875.000 -1760.000
7939.000 -1753.000
7912.000 -1851.000
7925.000 -4548.000
7971.000 -881.000
8395.000 -1866.000
8368.000 -1752.000
8698.000 -4514.000
9140.000 -3246.000
9278.000 -3156.000
9256.000 -5247.000
9244.000 -4782.000
4665.000 -1415.000
1868.000 -3956.000
6536.000 -4286.000
2327.000 -4874.000
9164.000 -4542.000
5922.000 -1343.000
9017.000 -1151.000
8978.000 -3082.000
1681.000 -2498.000
5547.000 -4250.000
1410.000 -3881.000
5224.000 -1720.000
6503.000 -5142.000
4249.000 -5444.000
3258.000 -5039.000
2421.000 -4548.000
2566.000 -4785.000
6046.000 -1225.000
5419.000 -1137.000
5344.000 -5540.000
6870.000 -1233.000
2105.000 -5540.000
6033.000 -5224.000
4057.000 -1066.000
7514.000 -1514.000
3287.000 -1177.000
7236.000 -1728.000
3330.000 -1803.000
7060.000 -3575.000
3610.000 -4488.000
9417.000 -1468.000
6720.000 -1006.000
7056.000 -5574.000
4533.000 -1506.000
6823.000 -1518.000
5258.000 -4840.000
5183.000 -4567.000
3360.000 -1765.000
3681.000 -1730.000
3046.000 -979.000
1348.000 -951.000
8004.000 -4725.000
5900.000 -5050.000
2218.000 -1395.000
8120.000 -1126.000
2448.000 -1815.000
4671.000 -1054.000
5386.000 -4264.000
3458.000 -1755.000
1190.000 -1128.000
4486.000 -5226.000
8296.000 -1003.000
9420.000 -4478.000
9296.000 -5624.000
4672.000 -4627.000
2373.000 -4107.000
8861.000 -4333.000
5358.000 -1566.000
5847.000 -1076.000
2544.000 -4611.000
7459.000 -1175.000
8655.000 -5307.000
9453.000 -2003.000
2097.000 -1719.000
5301.000 -5542.000
4724.000 -4783.000
4698.000 -1280.000
9077.000 -5192.000
5421.000 -1356.000
2365.000 -1753.000
5908.000 -4274.000
6369.000 -5118.000
6575.000 -4685.000
3871.000 -1890.000
5332.000 -4504.000
6538.000 -2101.000
4478.000 -5016.000
6466.000 -1810.000
6563.000 -2716.000
4877.000 -1723.000
8881.000 -2762.000
2360.000 -5457.000
8479.000 -879.000
2262.000 -1808.000
8889.000 -2506.000
6648.000 -2393.000
2931.000 -4804.000
1413.000 -1568.000
1919.000 -5495.000
3828.000 -4598.000
7199.000 -1180.000
5259.000 -4152.000
2689.000 -1202.000
8329.000 -1099.000
9139.000 -4686.000
9352.000 -4920.000
7732.000 -840.000
3090.000 -4933.000
1789.000 -3884.000
4977.000 -4520.000
2783.000 -5168.000
1659.000 -4941.000
3750.000 -4659.000
7014.000 -3873.000
2827.000 -1286.000
2042.000 -3377.000
1269.000 -3134.000
4674.000 -1514.000
6077.000 -5362.000
7050.000 -2097.000
6310.000 -2866.000
5887.000 -5500.000
6354.000 -4866.000
5137.000 -1168.000
1132.000 -5090.000
4291.000 -1575.000
6624.000 -2481.000
8851.000 -3915.000
2073.000 -2613.000
3967.000 -5535.000
1812.000 -5080.000
9039.000 -5352.000
5863.000 -4911.000
8446.000 -1593.000
4544.000 -1169.000
6669.000 -5587.000
5889.000 -1063.000
6099.000 -1523.000
7183.000 -5259.000
5135.000 -1397.000
4031.000 -1417.000
5581.000 -4862.000
5689.000 -2560.000
2178.000 -4939.000
7114.000 -4751.000
5681.000 -3751.000
5119.000 -1223.000
7377.000 -4629.000
8658.000 -1694.000
2362.000 -1428.000
4475.000 -4878.000
2185.000 -1251.000
8852.000 -2378.000
2001.000 -4556.000
6124.000 -2449.000
1945.000 -1588.000
4486.000 -1054.000
6260.000 -2704.000
9328.000 -1608.000
7057.000 -1756.000
3711.000 -5350.000
5890.000 -1179.000
4228.000 -1122.000
6947.000 -1245.000
2057.000 -4251.000
6304.000 -2195.000
8888.000 -1244.000
4209.000 -1314.000
6250.000 -4200.000
2573.000 -1512.000
8425.000 -991.000
9207.000 -3562.000
1740.000 -1264.000
2309.000 -5128.000
7274.000 -5295.000
3124.000 -1074.000
8943.000 -3339.000
5022.000 -1946.000
2649.000 -5202.000
6970.000 -3388.000
9361.000 -4824.000
4996.000 -1179.000
6300.000 -2611.000
6257.000 -4815.000
9398.000 -4619.000
1926.000 -2535.000
6794.000 -5062.000
3771.000 -5496.000
6926.000 -1797.000
8652.000 -1179.000
2404.000 -4778.000
2367.000 -1215.000
7122.000 -5119.000
5614.000 -5223.000
6216.000 -5572.000
3986.000 -1558.000
6816.000 -1824.000
5105.000 -5064.000
4706.000 -1596.000
2351.000 -2179.000
2802.000 -4888.000
4474.000 -4611.000
2567.000 -4353.000
4532.000 -1578.000
5605.000 -4065.000
6592.000 -1030.000
7073.000 -2707.000
5710.000 -5602.000
6316.000 -1558.000
8465.000 -809.000
9408.000 -2180.000
9141.000 -1497.000
9138.000 -4501.000
3738.000 -4252.000
1638.000 -5143.000
8109.000 -4689.000
3259.000 -5262.000
6076.000 -4848.000
2579.000 -2198.000
9374.000 -2991.000
9190.000 -5529.000
9351.000 -5485.000
1279.000 -3377.000
1287.000 -1550.000
9085.000 -3426.000
6027.000 -5048.000
5250.000 -4654.000
5687.000 -4214.000
9081.000 -4921.000
2309.000 -5030.000
3543.000 -4212.000
4060.000 -4257.000
3932.000 -1748.000
5208.000 -4150.000
7422.000 -1470.000
3576.000 -4251.000
2128.000 -5051.000
3811.000 -1523.000
3378.000 -4203.000
9467.000 -3339.000
9450.000 -4329.000
6287.000 -5503.000
1810.000 -5200.000
6539.000 -1505.000
1329.000 -3822.000
4426.000 -4568.000
5392.000 -5060.000
3759.000 -1221.000
3569.000 -1156.000
6501.000 -4176.000
2467.000 -4351.000
2469.000 -1762.000
3929.000 -4618.000
6364.000 -5019.000
1893.000 -1145.000
9324.000 -4676.000
8610.000 -1677.000
4515.000 -1337.000
6362.000 -3026.000
5344.000 -5610.000
4878.000 -1608.000
2047.000 -3113.000
6979.000 -1939.000
9206.000 -1040.000
2112.000 -4858.000
2477.000 -1615.000
8867.000 -2613.000
5115.000 -4801.000
9097.000 -4826.000
6186.000 -2329.000
4851.000 -5561.000
3507.000 -1584.000
3237.000 -4231.000
4990.000 -5199.000
6540.000 -3589.000
6608.000 -3915.000
4976.000 -4182.000
1784.000 -2491.000
5068.000 -4138.000
1431.000 -2489.000
6813.000 -3049.000
2500.000 -5575.000
5643.000 -1454.000
1749.000 -4288.000
6638.000 -3376.000
3067.000 -5046.000
2484.000 -1887.000
6128.000 -2190.000
6484.000 -2097.000
5601.000 -5445.000
2210.000 -1892.000
3713.000 -4906.000
9323.000 -1950.000
9459.000 -2953.000
3907.000 -5542.000
5677.000 -3686.000
6576.000 -3423.000
5336.000 -4371.000
6466.000 -1997.000
3595.000 -1507.000
9336.000 -4422.000
6793.000 -2304.000
2366.000 -4522.000
1204.000 -4835.000
9426.000 -3182.000
2887.000 -5490.000
4039.000 -5119.000
5689.000 -2938.000
9310.000 -2242.000
6470.000 -4642.000
3476.000 -2033.000
5596.000 -1241.000
1285.000 -3822.000
6685.000 -1634.000
9405.000 -1566.000
2803.000 -5017.000
7030.000 -2592.000
3780.000 -4748.000
3136.000 -1169.000
2073.000 -3017.000
2076.000 -1905.000
4482.000 -5495.000
4181.000 -4997.000
3499.000 -4792.000
2945.000 -1573.000
7020.000 -1681.000
7355.000 -4655.000
6947.000 -1166.000
9167.000 -3610.000
4644.000 -1794.000
2504.000 -2025.000
6046.000 -1336.000
3389.000 -1859.000
2142.000 -5170.000
6733.000 -4059.000
7141.000 -1738.000
6496.000 -1784.000
6110.000 -1108.000
3897.000 -1029.000
3022.000 -4880.000
3070.000 -1679.000
9409.000 -2040.000
5499.000 -4161.000
8903.000 -5492.000
6061.000 -1563.000
4041.000 -5212.000
2358.000 -5301.000
9410.000 -5146.000
1903.000 -1249.000
6539.000 -4408.000
2895.000 -1758.000
6557.000 -1550.000
2349.000 -1389.000
8403.000 -1162.000
2860.000 -1490.000
2813.000 -5456.000
4244.000 -5580.000
1260.000 -5430.000
5127.000 -5334.000
2311.000 -4514.000
9201.000 -3028.000
3453.000 -5569.000
6290.000 -1803.000
6124.000 -2580.000
6415.000 -4373.000
3339.000 -1597.000
1641.000 -5372.000
2000.000 -1727.000
4197.000 -1277.000
9457.000 -2403.000
5702.000 -3342.000
5327.000 -1758.000
6530.000 -1731.000
8937.000 -5269.000
6539.000 -1585.000
1271.000 -2632.000
6654.000 -4706.000
9065.000 -1437.000
3846.000 -2182.000
1179.000 -1442.000
2823.000 -4789.000
4418.000 -4470.000
6740.000 -2219.000
5312.000 -4119.000
7546.000 -929.000
3460.000 -4271.000
5880.000 -1448.000
8845.000 -5623.000
4237.000 -4183.000
2726.000 -2254.000
7231.000 -1251.000
6057.000 -1095.000
1448.000 -5562.000
2089.000 -2710.000
6222.000 -4547.000
4974.000 -1585.000
5174.000 -1897.000
4959.000 -1277.000
6239.000 -1789.000
3236.000 -1782.000
8835.000 -4172.000
1966.000 -1479.000
1661.000 -5067.000
3463.000 -2200.000
2645.000 -2096.000
3736.000 -1457.000
9459.000 -3500.000
2483.000 -996.000
4620.000 -4237.000
6763.000 -2568.000
5987.000 -4635.000
2612.000 -5424.000
2050.000 -1653.000
8372.000 -782.000
2372.000 -1890.000
1637.000 -4189.000
1925.000 -4338.000
3862.000 -1607.000
2783.000 -5271.000
8904.000 -1362.000
1831.000 -5331.000
2472.000 -4105.000
6034.000 -1392.000
2021.000 -2813.000
6196.000 -1003.000
6809.000 -4924.000
2612.000 -1358.000
5301.000 -1072.000
1596.000 -4136.000
3924.000 -2281.000
1310.000 -3256.000
8663.000 -1086.000
2796.000 -1875.000
9114.000 -1820.000
6840.000 -1741.000
6950.000 -4469.000
6668.000 -2216.000
2801.000 -1767.000
5437.000 -1301.000
8226.000 -4693.000
8842.000 -2067.000
2042.000 -3253.000
4937.000 -4501.000
4839.000 -4478.000
1941.000 -1430.000
6774.000 -2343.000
4333.000 -4470.000
3548.000 -1905.000
9129.000 -3700.000
2194.000 -1129.000
3376.000 -4507.000
2148.000 -4830.000
4193.000 -5223.000
7971.000 -768.000
2322.000 -4203.000
3383.000 -4118.000
3368.000 -2197.000
6715.000 -2789.000
3765.000 -4509.000
2657.000 -1057.000
6836.000 -4133.000
6534.000 -1937.000
2557.000 -5532.000
5557.000 -2249.000
9097.000 -3036.000
5419.000 -2248.000
2450.000 -4454.000
3908.000 -1877.000
3181.000 -4204.000
1322.000 -5504.000
2056.000 -3525.000
9491.000 -4587.000
5243.000 -4412.000
7232.000 -5237.000
6518.000 -4988.000
1529.000 -1723.000
7151.000 -1053.000
9158.000 -2705.000
6828.000 -4495.000
9082.000 -3787.000
1579.000 -1616.000
2660.000 -1466.000
1859.000 -4674.000
8826.000 -4679.000
6351.000 -2372.000
4869.000 -4405.000
3345.000 -5558.000
5675.000 -2308.000
9166.000 -5421.000
6878.000 -5292.000
5861.000 -4799.000
6539.000 -3814.000
6165.000 -2926.000
8300.000 -806.000
1717.000 -1580.000
1888.000 -4352.000
3683.000 -4150.000
6944.000 -3139.000
8786.000 -1710.000
6020.000 -4657.000
6541.000 -2838.000
1969.000 -4751.000
7893.000 -777.000
3597.000 -1288.000
4702.000 -5532.000
3198.000 -1727.000
4984.000 -1770.000
8041.000 -784.000
7730.000 -4698.000
4952.000 -4839.000
7616.000 -4659.000
3296.000 -5135.000
5728.000 -3177.000
1844.000 -4072.000
6301.000 -5571.000
2969.000 -5596.000
4823.000 -4250.000
5431.000 -4945.000
8676.000 -4700.000
3990.000 -5401.000
2022.000 -4022.000
1542.000 -4650.000
3708.000 -5034.000
2631.000 -4809.000
4207.000 -4214.000
2854.000 -2251.000
3800.000 -4167.000
9376.000 -2374.000
5589.000 -4982.000
7020.000 -2359.000
6364.000 -2098.000
5658.000 -2815.000
4876.000 -5526.000
9015.000 -1832.000
2256.000 -2236.000
2840.000 -4201.000
1548.000 -4502.000
6530.000 -2250.000
2933.000 -1007.000
3020.000 -4819.000
1881.000 -1540.000
5136.000 -5436.000
3717.000 -1388.000
7041.000 -2722.000
4782.000 -4258.000
8754.000 -1257.000
6586.000 -2981.000
7897.000 -4690.000
1320.000 -2548.000
3737.000 -5230.000
7018.000 -2234.000
9116.000 -5060.000
1591.000 -4733.000
9354.000 -5276.000
2590.000 -4167.000
6871.000 -3378.000
3745.000 -5176.000
8888.000 -2860.000
1147.000 -1221.000
1165.000 -4975.000
2065.000 -3809.000
2648.000 -1360.000
5954.000 -2143.000
6554.000 -3629.000
9443.000 -3609.000
7005.000 -2418.000
8897.000 -4134.000
3810.000 -4725.000
2305.000 -4096.000
7262.000 -1068.000
5138.000 -5218.000
9401.000 -3972.000
3761.000 -2289.000
6785.000 -3377.000
7001.000 -5495.000
3545.000 -5438.000
6747.000 -3572.000
3477.000 -4427.000
4549.000 -4623.000
3425.000 -4761.000
4637.000 -4165.000
9471.000 -4631.000
4240.000 -1012.000
3095.000 -4480.000
6144.000 -5624.000
4361.000 -1861.000
9306.000 -4227.000
6540.000 -4087.000
9474.000 -4373.000
5251.000 -4356.000
3250.000 -2191.000
8885.000 -3468.000
3757.000 -1032.000
4862.000 -2030.000
5835.000 -1740.000
9452.000 -3755.000
3340.000 -1353.000
1571.000 -4420.000
3083.000 -1565.000
9388.000 -4186.000
2748.000 -4162.000
4186.000 -5361.000
3522.000 -5554.000
4659.000 -5168.000
3672.000 -2249.000
3101.000 -5271.000
1755.000 -1219.000
5635.000 -1052.000
9438.000 -4087.000
4027.000 -5016.000
7121.000 -1432.000
8929.000 -1457.000
3275.000 -2224.000
3046.000 -1944.000
8877.000 -3965.000
8765.000 -5505.000
4290.000 -4124.000
5698.000 -2155.000
2055.000 -2154.000
3144.000 -1932.000
3872.000 -1998.000
2228.000 -1063.000
3037.000 -1628.000
3623.000 -2197.000
1926.000 -2220.000
3101.000 -4814.000
2113.000 -5604.000
5699.000 -2419.000
8925.000 -5430.000
8916.000 -3761.000
3293.000 -4902.000
5687.000 -3970.000
2044.000 -3979.000
1125.000 -5224.000
1527.000 -3862.000
9095.000 -1917.000
2726.000 -1892.000
1745.000 -1395.000
4478.000 -4099.000
6719.000 -4156.000
2777.000 -5335.000
2842.000 -4666.000
5414.000 -1098.000
5782.000 -4581.000
2135.000 -4796.000
2811.000 -1373.000
3726.000 -1540.000
9143.000 -1919.000
9237.000 -4187.000
1679.000 -3852.000
1668.000 -4680.000
3100.000 -5375.000
2739.000 -2125.000
2197.000 -1494.000
9438.000 -3760.000
3146.000 -4221.000
2701.000 -4128.000
1732.000 -2180.000
4514.000 -1901.000
7127.000 -1500.000
5268.000 -1663.000
5215.000 -4728.000
5968.000 -4604.000
2048.000 -1934.000
5647.000 -1750.000
2429.000 -2042.000
3209.000 -1909.000
2823.000 -4270.000
6335.000 -1429.000
3572.000 -5108.000
3581.000 -2123.000
8435.000 -1442.000
9295.000 -4432.000
6385.000 -1939.000
3047.000 -4167.000
4807.000 -2198.000
3076.000 -4613.000
6767.000 -3489.000
4223.000 -1457.000
5848.000 -4628.000
5872.000 -1962.000
3758.000 -1087.000
1399.000 -4768.000
1596.000 -2218.000
9339.000 -1196.000
9364.000 -2419.000
3940.000 -5607.000
1225.000 -4475.000
1198.000 -4139.000
4365.000 -1949.000
4175.000 -4560.000
4828.000 -2227.000
3741.000 -4483.000
4139.000 -4636.000
8842.000 -1370.000
8741.000 -5596.000
1260.000 -3474.000
1130.000 -4239.000
4829.000 -2163.000
4039.000 -4121.000
3632.000 -4121.000
8862.000 -2979.000
9095.000 -3597.000
3906.000 -1980.000
7251.000 -5025.000
8917.000 -1962.000
5583.000 -5321.000
6703.000 -2146.000
6714.000 -3524.000
6167.000 -4512.000
1709.000 -2094.000
2036.000 -2852.000
5317.000 -2227.000
4512.000 -4440.000
7145.000 -5518.000
2762.000 -4651.000
9370.000 -4238.000
4715.000 -5602.000
5225.000 -2219.000
4576.000 -1916.000
3840.000 -1640.000
3503.000 -2271.000
3589.000 -1338.000
4136.000 -2235.000
1450.000 -4107.000
9390.000 -3807.000
1502.000 -2190.000
1467.000 -4410.000
4348.000 -5525.000
7041.000 -3544.000
4379.000 -4655.000
6305.000 -1030.000
6327.000 -4635.000
3303.000 -1683.000
2992.000 -2147.000
3878.000 -4493.000
1572.000 -4616.000
5264.000 -2104.000
1496.000 -4589.000
7060.000 -1367.000
3794.000 -2096.000
3102.000 -2137.000
7219.000 -4936.000
6036.000 -5388.000
1121.000 -4882.000
1283.000 -2535.000
7176.000 -5550.000
9324.000 -5555.000
3276.000 -4129.000
2561.000 -5583.000
4019.000 -5365.000
4132.000 -1851.000
2870.000 -2136.000
6114.000 -5532.000
6809.000 -2359.000
5349.000 -2110.000
4211.000 -4090.000
4435.000 -5547.000
7218.000 -5182.000
8884.000 -2318.000
6339.000 -5449.000
6989.000 -1253.000
3599.000 -1546.000
6207.000 -4283.000
6364.000 -1572.000
3050.000 -1755.000
5811.000 -5536.000
2795.000 -4557.000
6780.000 -5433.000
4953.000 -4091.000
1578.000 -1887.000
3447.000 -1721.000
3057.000 -4095.000
3230.000 -4118.000
2137.000 -5424.000
7027.000 -4193.000
1445.000 -1668.000
5085.000 -2251.000
4185.000 -1831.000
7003.000 -1396.000
5826.000 -5568.000
7011.000 -1503.000
5655.000 -3176.000
4384.000 -1789.000
3841.000 -5615.000
5025.000 -2200.000
2946.000 -4117.000
1216.000 -4391.000
2330.000 -5341.000
6077.000 -1716.000
5762.000 -1776.000
4598.000 -4446.000
2848.000 -1578.000
3088.000 -5473.000
4168.000 -5060.000
9338.000 -3631.000
1206.000 -1326.000
9230.000 -4087.000
4956.000 -2151.000
8645.000 -1215.000
3100.000 -1528.000
8859.000 -5194.000
1285.000 -5514.000
2027.000 -4645.000
3803.000 -5604.000
4163.000 -1755.000
3072.000 -5558.000
4663.000 -5141.000
7046.000 -5028.000
6355.000 -4827.000
1253.000 -4569.000
6646.000 -2987.000
1611.000 -1945.000
6803.000 -1062.000
1341.000 -4282.000
6686.000 -4035.000
1158.000 -1314.000
4284.000 -2275.000
3311.000 -5587.000
2401.000 -1090.000
9372.000 -4023.000
5937.000 -4477.000
2561.000 -4430.000
1550.000 -2152.000
9435.000 -1194.000
1390.000 -2192.000
4134.000 -2170.000
5973.000 -4476.000
3761.000 -2120.000
4857.000 -1968.000
2177.000 -1575.000
3791.000 -4070.000
4392.000 -2244.000
8286.000 -802.000
1255.000 -2251.000
8451.000 -1309.000
3005.000 -4246.000
4085.000 -1886.000
9124.000 -1065.000
1855.000 -5375.000
9265.000 -990.000
1163.000 -1148.000
1238.000 -2169.000
5747.000 -1985.000
4334.000 -2142.000
9399.000 -2726.000
1544.000 -2080.000
4476.000 -2144.000
5814.000 -4490.000
2786.000 -4487.000
1446.000 -2060.000
2392.000 -5566.000
9373.000 -1056.000
7502.000 -925.000
8911.000 -1526.000
8862.000 -5104.000
5426.000 -5238.000
5592.000 -1612.000
9453.000 -2798.000
8946.000 -4677.000
1707.000 -1965.000
7105.000 -5011.000
6674.000 -4080.000
5563.000 -4669.000
4540.000 -2230.000
8946.000 -5088.000
4754.000 -2294.000
1143.000 -2177.000
6778.000 -5135.000
9260.000 -3995.000
4665.000 -1221.000
1133.000 -2091.000
8773.000 -5243.000
8243.000 -1009.000
2019.000 -4242.000
3742.000 -4765.000
3033.000 -2236.000
1394.000 -1734.000
8712.000 -5041.000
4703.000 -2141.000
1102.000 -2195.000
8702.000 -4964.000
2321.000 -4481.000
2663.000 -5273.000
6968.000 -4951.000
6399.000 -4274.000
5071.000 -4483.000
2868.000 -993.000
9136.000 -1022.000
3921.000 -4246.000
2124.000 -2113.000
8638.000 -5040.000
7110.000 -4944.000
8460.000 -1157.000
1489.000 -1898.000
1148.000 -4160.000
9467.000 -3950.000
9245.000 -1708.000
4181.000 -4514.000
2294.000 -5172.000
1201.000 -1721.000
1916.000 -1399.000
4886.000 -5578.000
8671.000 -4945.000
1484.000 -976.000
3303.000 -1515.000
2826.000 -4157.000
8774.000 -1417.000
8809.000 -1489.000
4391.000 -4149.000
4946.000 -4758.000
9392.000 -4842.000
3129.000 -1551.000
9226.000 -4219.000
1584.000 -5562.000
2771.000 -4617.000
8917.000 -5535.000
7010.000 -5236.000
8905.000 -4177.000
7266.000 -4957.000
9138.000 -2678.000
5878.000 -5366.000
3257.000 -4830.000
4175.000 -1880.000
8414.000 -1518.000
1180.000 -1923.000
7505.000 -785.000
7059.000 -4384.000
3411.000 -970.000
9210.000 -4015.000
1211.000 -1874.000
7010.000 -5232.000
9403.000 -2783.000
4692.000 -4772.000
2506.000 -4338.000
5385.000 -1046.000
5899.000 -4831.000
5695.000 -2153.000
4115.000 -2151.000
1250.000 -2546.000
7007.000 -5230.000
5066.000 -4478.000
3165.000 -4453.000
9449.000 -3745.000
9410.000 -3783.000
4771.000 -4442.000
9353.000 -1041.000
4366.000 -4216.000
6835.000 -4840.000
9408.000 -3782.000
1222.000 -2718.000
6247.000 -3295.000
6346.000 -3823.000
6333.000 -4044.000
6147.000 -3422.000
6335.000 -3993.000
6337.000 -3537.000
6354.000 -3400.000
6150.000 -3551.000
6179.000 -3750.000
7252.000 -2207.000
7206.000 -2112.000
7299.000 -2226.000
7480.000 -2065.000
7399.000 -2000.000
7338.000 -2195.000
7296.000 -3702.000
7324.000 -3779.000
7281.000 -4003.000
7379.000 -3464.000
7205.000 -3871.000
7421.000 -3649.000
7437.000 -3881.000
7438.000 -4376.000
7383.000 -4229.000
7211.000 -4303.000
7307.000 -4440.000
7391.000 -2533.000
7307.000 -2345.000
7278.000 -2560.000
7227.000 -2470.000
7257.000 -2725.000
7375.000 -2743.000
7639.000 -4335.000
7693.000 -4251.000
7674.000 -4371.000
7677.000 -1010.000
7888.000 -2066.000
7655.000 -1977.000
7791.000 -2129.000
7823.000 -1961.000
7708.000 -1642.000
7822.000 -1163.000
8220.000 -4425.000
8275.000 -4340.000
8143.000 -1991.000
8106.000 -2088.000
8252.000 -2098.000
8219.000 -1627.000
8660.000 -2169.000
8516.000 -2178.000
8613.000 -2263.000
8583.000 -1887.000
8460.000 -2017.000
8651.000 -1999.000
8572.000 -4445.000
8444.000 -4249.000
8728.000 -4377.000
8416.000 -4360.000
8540.000 -2429.000
8683.000 -2515.000
8500.000 -2952.000
8501.000 -2850.000
8555.000 -2810.000
8647.000 -3478.000
8527.000 -3865.000
8542.000 -3967.000
8540.000 -3626.000
8639.000 -3970.000
8617.000 -3725.000
8661.000 -3521.000
8715.000 -3842.000
8605.000 -2622.000
1542.500 -4838.000
1257.000 -1311.500
1555.500 -3767.500
1958.500 -3068.500
1824.000 -2605.500
1659.500 -3765.500
1935.000 -5337.000
1960.000 -3960.000
2442.250 -4618.750
2559.500 -1118.000
2485.000 -2170.000
3508.500 -1845.000
3837.000 -1476.000
4301.500 -1459.000
4800.000 -4600.000
7844.500 -988.000
7980.500 -4313.500
7829.000 -1204.000
8044.000 -4427.500
5777.000 -3116.500
7519.000 -3558.500
7622.000 -1490.500
8495.000 -3770.000
8454.000 -3460.500
7019.500 -3296.500
6353.000 -3300.000
7604.000 -2142.500
6643.000 -3134.000
7416.500 -2348.000
7585.000 -4230.000
8294.500 -1190.000
6472.000 -2335.000
7048.500 -3115.500
7294.000 -3084.000
7410.500 -2705.500
8398.000 -2951.500
8470.500 -2605.500
8876.500 -4492.500
7414.500 -1879.500
8394.500 -3897.500
6103.000 -2266.000
7205.500 -1965.500
7479.000 -4451.500
5667.500 -5235.000
6265.500 -5026.500
6168.500 -1524.500
6606.500 -1144.500
9303.000 -5300.000
1411.000 -5034.500
1404.000 -1189.000
1543.000 -3206.500
1521.500 -2766.500
1700.000 -3102.000
5936.500 -2518.000
5962.000 -2641.000
5822.000 -3731.500
5846.000 -2985.000
5985.500 -3182.000
8263.000 -2473.000
7684.500 -2900.500
8244.000 -3431.500
8154.500 -2357.000
8153.000 -3255.000
7922.500 -2642.500
7523.000 -2638.500
8009.000 -1881.500
6737.250 -4617.500
6503.500 -1394.000
9462.500 -1833.500
7065.500 -2838.000
6545.250 -4805.500
5019.250 -1435.500
1958.000 -980.000
5379.500 -5430.500
4044.000 -1248.250
6516.500 -5315.500
7053.000 -4302.500
2406.000 -4204.500
7054.250 -2961.500
8898.000 -1727.500
5390.000 -5365.500
7040.000 -3693.500
5673.250 -3504.750
8984.000 -4505.500
4749.000 -4116.500
8145.000 -866.000
8575.000 -4728.000
5869.750 -5205.375
7213.000 -4714.000
6691.250 -1919.000
1209.000 -1544.000
1344.000 -4783.500
5142.500 -4836.500
3583.750 -4641.500
4799.500 -1860.000
6186.000 -3108.000
4646.500 -5337.000
8915.000 -1037.500
4887.750 -4131.750
6920.000 -4555.000
3692.500 -1909.000
5714.000 -2183.500
3506.500 -1737.000
6186.500 -2880.000
8896.500 -3658.000
1271.000 -3659.000
3800.500 -1048.500
8397.000 -4688.000
2090.250 -995.750
4932.500 -4630.000
1514.750 -2534.500
9035.000 -1180.500
2857.000 -1146.500
4777.000 -1711.500
6571.000 -2513.500
3157.500 -1363.000
1839.500 -4919.000
6534.000 -1081.500
5172.000 -1041.500
3557.000 -1050.000
3441.000 -1009.500
6350.000 -1117.000
7510.000 -848.500
9281.000 -1713.500
6554.750 -4865.000
1565.500 -5534.500
4266.500 -4818.500
5149.750 -4972.750
5600.000 -5125.000
9306.500 -3436.000
9386.500 -5046.500
2408.500 -2265.500
9354.000 -1076.500
7500.500 -1314.000
1709.500 -4845.000
7034.500 -4048.000
1665.500 -5244.000
2553.250 -1758.500
5324.000 -4605.500
5639.500 -1591.500
2389.000 -1024.500
6785.500 -4818.500
3596.500 -4988.500
6820.500 -1413.500
6051.500 -4980.500
3288.500 -5409.000
5806.000 -2147.500
4647.000 -4838.000
7019.000 -1011.500
9150.000 -5570.500
3308.500 -1008.500
5717.750 -3893.750
1918.500 -1060.500
4190.875 -4816.375
8958.000 -4645.000
5441.000 -1537.500
1929.125 -1888.625
9363.500 -5367.000
6759.500 -5548.000
7407.875 -1678.625
5625.000 -1075.000
3564.500 -5331.500
6359.500 -5295.500
9417.500 -3573.500
6693.000 -2643.500
2214.000 -4206.000
6802.500 -2721.500
3307.500 -1542.000
9124.750 -1341.500
2602.000 -5059.500
5117.000 -4274.500
2029.000 -2519.500
1505.000 -1003.000
9210.000 -2850.500
2057.000 -3706.500
6096.500 -1607.000
4218.000 -1560.500
5343.000 -1854.000
4941.500 -5367.500
3019.500 -4667.000
9427.000 -2779.500
3477.000 -4129.500
1700.500 -1101.500
8396.000 -809.500
2382.500 -1584.500
2154.750 -2154.250
4672.000 -5006.500
9378.000 -1304.000
6181.500 -4695.500
3285.250 -4825.500
6958.500 -5331.250
6536.000 -1235.500
4062.500 -1549.000
7024.500 -5252.375
2274.750 -2136.750
9429.000 -2269.750
5069.750 -4503.000
3949.250 -2068.500
4050.500 -4148.500
4957.000 -5024.000
8339.000 -812.000
8863.250 -2169.750
5481.500 -4085.000
3907.625 -964.750
8439.250 -1122.000
5279.000 -1990.500
2630.000 -2202.500
8797.000 -1018.500
6686.250 -3760.500
6786.000 -1609.500
4685.500 -5163.000
7294.000 -1188.000
2612.000 -4929.500
4448.750 -1741.750
3003.250 -4444.250
4357.500 -1597.750
6784.000 -5231.000
5569.500 -1427.000
3973.500 -4815.000
2189.500 -4484.500
9359.250 -2950.250
5817.000 -1633.500
6587.250 -5576.750
5383.000 -4850.500
7491.500 -1016.000
2319.500 -4817.000
5391.500 -1602.500
6806.000 -3734.750
1870.500 -4520.500
8699.000 -5425.500
1735.000 -1038.750
5741.500 -4773.500
5394.500 -5185.000
4826.375 -973.000
4346.500 -976.000
2561.000 -2232.500
1634.000 -1617.500
6857.000 -4612.000
4047.500 -4838.500
3539.500 -4818.000
7211.000 -5371.500
6299.000 -4609.000
6783.000 -1771.250
4472.500 -1007.000
6402.000 -4492.000
3393.500 -2222.500
2927.000 -4436.500
6015.250 -2167.250
6172.500 -4212.500
1209.250 -1028.000
5714.500 -2699.000
2658.000 -4234.500
4443.000 -5121.500
9437.375 -2145.250
1265.000 -2817.000
6987.000 -4654.500
6314.000 -1396.000
2790.500 -1733.500
2020.000 -4427.000
1504.500 -4677.000
2148.500 -4153.500
6072.250 -1797.000
5191.625 -5572.500
4983.500 -1075.000
9124.500 -2759.000
9242.000 -2184.000
1817.750 -4828.750
9126.000 -1587.500
6329.500 -1778.500
1736.500 -4161.500
3388.750 -2070.500
4588.000 -1748.000
6186.500 -1705.500
5522.500 -2166.500
7481.000 -4701.500
1328.500 -5545.250
3377.000 -4649.500
2606.500 -979.000
4363.438 -4418.750
2122.000 -5314.500
3191.750 -4634.000
6700.750 -4503.500
2992.500 -1850.500
6314.500 -2549.000
9131.000 -2891.500
6869.000 -1906.500
4241.500 -4271.000
6217.375 -1896.375
6692.500 -3650.500
6050.000 -4633.500
2561.000 -1930.500
1468.500 -4207.500
4968.500 -4998.500
9498.500 -3138.750
5704.500 -4297.500
6102.500 -1049.000
9432.000 -3785.000
1687.000 -4408.500
1184.000 -5364.000
9438.250 -1779.250
3366.500 -4318.500
2172.000 -4640.000
5586.000 -4825.000
6013.000 -4254.500
6779.000 -4261.000
6792.750 -3975.375
5643.875 -4666.125
2944.000 -4217.000
2911.000 -2214.500
7084.500 -1341.500
8998.500 -1206.500
3063.000 -5160.000
5294.500 -1025.000
5746.500 -1025.000
5550.500 -4557.000
1343.500 -4615.000
9409.750 -2566.750
4795.750 -4776.750
5511.250 -4500.000
1958.000 -5579.500
5088.750 -4634.500
4494.500 -4203.500
5893.500 -1745.000
6537.500 -5455.000
5571.500 -4517.000
5866.500 -1597.500
1544.500 -4278.500
5747.000 -1888.500
6822.500 -2193.500
9432.500 -3912.500
1944.500 -2043.000
2816.000 -5549.000
3296.750 -1353.250
3451.500 -2004.000
1793.500 -2204.500
6050.000 -4820.500
1715.000 -1467.500
6468.000 -1746.500
4025.500 -2239.500
2861.000 -1039.000
2220.500 -1722.000
4209.000 -4853.500
9127.250 -2620.500
3003.000 -1742.500
4792.000 -4442.500
4271.000 -1770.500
1831.750 -1736.000
9178.500 -3683.000
5655.000 -3120.500
4384.000 -4214.000
3878.250 -4383.500
3942.500 -4145.500
6325.000 -1275.250
2356.000 -4663.000
3156.500 -2220.500
4910.000 -4292.000
4280.000 -4651.000
6679.500 -2778.500
1661.500 -1715.312
1265.250 -4222.250
1708.500 -4636.000
2955.500 -1936.500
6804.000 -2562.000
1749.750 -4438.750
1471.500 -4446.000
8719.000 -1427.500
3174.000 -4493.000
1155.000 -4178.500
5523.750 -1903.750
9484.500 -2579.750
4819.250 -1998.500
4352.500 -1979.000
5191.000 -4108.000
4478.500 -5338.500
8682.250 -5211.500
1616.000 -5509.500
5955.500 -1903.500
5562.500 -1775.500
9235.000 -2656.000
9071.000 -1759.500
8687.500 -1502.500
6719.250 -2887.500
9440.000 -2740.000
1270.000 -3005.000
9482.500 -4239.500
4093.000 -2177.500
1325.250 -4156.250
2648.500 -1554.000
6246.500 -4512.500
1608.000 -979.500
6820.500 -2846.500
5853.500 -5341.000
3530.000 -5246.000
9258.500 -2347.000
1888.500 -2045.500
4411.000 -5580.000
5787.500 -1953.500
4109.000 -4483.000
7092.000 -981.500
5103.500 -1746.500
5661.500 -5595.000
6926.000 -1461.500
9182.750 -3788.750
4977.500 -2229.000
7256.500 -1420.500
9211.000 -2434.500
6686.500 -4225.500
2970.000 -4642.500
7607.500 -811.500
1499.000 -1936.000
5141.500 -1575.500
5396.750 -4811.500
4639.500 -4116.500
4445.250 -4786.500
5764.500 -4487.000
5107.500 -2169.500
3544.000 -1010.750
7556.000 -782.500
4622.000 -2193.000
5754.500 -4420.000
4412.500 -2170.500
4571.000 -2199.000
1179.500 -4805.000
1178.750 -4428.000
6993.500 -5031.500
1279.000 -2136.500
4280.500 -2128.000
3265.500 -2107.000
7281.500 -1484.000
3326.000 -4614.000
8935.500 -4971.750
8680.500 -1408.500
3092.000 -1023.000
2705.500 -4493.500
1750.500 -1914.500
1192.500 -4632.750
8748.500 -5069.500
8792.750 -4968.750
6982.000 -5543.000
1249.750 -1732.000
1254.000 -1918.000
6228.000 -3658.500
6161.250 -4028.000
6091.500 -3878.000
7250.500 -3504.500
7389.000 -2943.500
7205.750 -2917.000
7855.500 -4363.500
7661.500 -1173.500
7805.750 -1501.250
8108.500 -4264.500
8294.500 -2094.000
8128.250 -1488.750
8637.500 -4253.000
8676.500 -2928.500
