11410.000 7250.000
4862.000 3187.000
4000.000 7135.000
8920.000 7075.000
1630.000 6026.000
3377.000 2067.000
5642.000 4563.000
996.000 6482.000
9050.000 6845.000
9045.000 5772.000
3222.000 2079.000
346.000 6538.000
4856.000 2587.000
990.000 4507.000
2070.000 7166.000
4373.000 10368.000
10103.000 7272.000
2148.000 6044.000
4862.000 3626.000
2281.000 2071.000
11100.000 7272.000
2966.000 2079.000
6549.000 4564.000
2563.000 6026.000
9048.000 6486.000
8917.000 5878.000
9033.000 7694.000
9043.000 5472.000
12407.000 7273.000
6976.000 4542.000
4491.000 5735.000
9281.000 7272.000
4617.000 2077.000
8916.000 5600.000
9033.000 9035.000
1466.000 2073.000
3422.000 7135.000
9040.000 5170.000
995.000 4803.000
8186.000 9211.000
9033.000 7880.000
7292.000 8656.000
8918.000 3124.000
3073.000 6026.000
987.000 2598.000
9036.000 4247.000
5689.000 8656.000
4392.000 8739.000
997.000 5199.000
8918.000 3313.000
4864.000 4167.000
8186.000 9372.000
3857.000 6026.000
4857.000 2888.000
735.000 6024.000
4858.000 2464.000
1089.000 2075.000
10388.000 7272.000
4207.000 7160.000
4858.000 3492.000
8559.000 8197.000
999.000 5879.000
997.000 6896.000
4147.000 2064.000
1472.000 6026.000
9031.000 3029.000
4361.000 6723.000
2390.000 8803.000
2375.000 7225.000
2349.000 7911.000
12584.000 7273.000
4805.000 9728.000
4372.000 10214.000
861.000 7032.000
113.000 6398.000
8735.000 4566.000
5481.000 4563.000
8921.000 7213.000
9033.000 8559.000
2482.000 9022.000
4628.000 5617.000
9033.000 9736.000
861.000 5866.000
11707.000 7273.000
4868.000 8448.000
4809.000 8659.000
4491.000 5375.000
7234.000 4564.000
9046.000 6316.000
8915.000 5192.000
2373.000 8496.000
6182.000 4477.000
2347.000 9325.000
435.000 6027.000
4627.000 6799.000
4370.000 5042.000
8921.000 7624.000
7899.000 8626.000
987.000 2410.000
3536.000 7135.000
808.000 6586.000
4589.000 8631.000
9038.000 4789.000
4567.000 7160.000
9035.000 3941.000
4626.000 5205.000
861.000 6763.000
5349.000 8657.000
9033.000 8234.000
6024.000 8626.000
11965.000 7273.000
8129.000 4565.000
5358.000 9735.000
4863.000 8315.000
8328.000 9748.000
9033.000 9587.000
8557.000 8381.000
4918.000 6024.000
10630.000 7272.000
4480.000 2063.000
4371.000 8983.000
4626.000 6215.000
13026.000 7254.000
4368.000 4893.000
8918.000 2954.000
2427.000 9634.000
753.000 7138.000
8163.000 9749.000
8650.000 8007.000
8917.000 6403.000
8547.000 4429.000
8103.000 8672.000
8813.000 9744.000
9032.000 3203.000
7801.000 4542.000
7636.000 4542.000
4625.000 4904.000
984.000 3355.000
4368.000 9710.000
9032.000 3432.000
6145.000 8656.000
170.000 6031.000
4799.000 2122.000
987.000 2220.000
6823.000 4542.000
4416.000 6001.000
4406.000 8630.000
591.000 7164.000
9051.000 7128.000
9534.000 7272.000
6321.000 4415.000
10858.000 7245.000
4358.000 6177.000
4862.000 3347.000
4863.000 8177.000
8186.000 8833.000
983.000 3063.000
996.000 6731.000
12829.000 7273.000
6642.000 8656.000
9809.000 7241.000
4368.000 9578.000
4625.000 4723.000
998.000 5717.000
1784.000 6026.000
8921.000 7489.000
5220.000 4541.000
4709.000 6002.000
4972.000 4563.000
2325.000 7346.000
8051.000 9731.000
2384.000 8657.000
9055.000 7349.000
9033.000 9193.000
9045.000 5989.000
6959.000 8626.000
3286.000 7163.000
8917.000 6031.000
3785.000 2078.000
565.000 6538.000
4840.000 8556.000
156.000 6537.000
9033.000 3678.000
4627.000 7018.000
8369.000 8626.000
1206.000 7164.000
5876.000 8626.000
4628.000 5785.000
9033.000 3551.000
2480.000 7135.000
6611.000 4450.000
5523.000 8657.000
8462.000 9747.000
996.000 6364.000
9043.000 5603.000
9038.000 4638.000
4862.000 4324.000
5211.000 8657.000
4861.000 7733.000
9036.000 4384.000
994.000 4639.000
2606.000 2069.000
4626.000 6396.000
4358.000 6436.000
8918.000 6698.000
2278.000 7135.000
9039.000 5006.000
9033.000 8409.000
4857.000 3042.000
11535.000 7273.000
6349.000 4563.000
4627.000 6621.000
8470.000 8611.000
4303.000 7094.000
987.000 3866.000
4491.000 5508.000
4625.000 5104.000
11847.000 7251.000
4619.000 4541.000
9013.000 2823.000
6126.000 4563.000
9049.000 6588.000
8899.000 3959.000
9033.000 8911.000
4888.000 4464.000
6490.000 4415.000
2811.000 2079.000
4725.000 7160.000
4860.000 2721.000
3115.000 2068.000
9050.000 6992.000
9049.000 6736.000
9033.000 9328.000
2367.000 8922.000
5783.000 4541.000
2360.000 8012.000
9426.000 7176.000
1042.000 5969.000
10976.000 7246.000
2535.000 9185.000
985.000 3518.000
8560.000 8071.000
8439.000 4566.000
11312.000 7272.000
4475.000 5272.000
872.000 5422.000
8555.000 8527.000
996.000 6226.000
7349.000 4542.000
9033.000 8016.000
4280.000 6063.000
4388.000 7160.000
4371.000 8855.000
4628.000 5916.000
3657.000 2078.000
3343.000 6042.000
8916.000 5460.000
3711.000 6041.000
4626.000 5336.000
4812.000 6036.000
9033.000 8688.000
8921.000 7759.000
4367.000 4546.000
4863.000 3861.000
8862.000 7963.000
859.000 5526.000
822.000 5961.000
1783.000 7164.000
13235.000 7262.000
1882.000 6045.000
4366.000 9301.000
997.000 5495.000
4045.000 2077.000
8597.000 4045.000
8226.000 4542.000
1301.000 7135.000
115.000 6114.000
7053.000 8656.000
7685.000 8626.000
809.000 6265.000
822.000 6163.000
440.000 6158.000
629.000 6215.000
553.000 6404.000
939.000 6281.000
856.000 6019.000
327.000 6342.000
642.000 6175.000
376.000 6206.000
190.000 6188.000
853.000 6492.000
665.000 6287.000
406.000 6320.000
958.000 6024.000
667.000 6351.000
315.000 6069.000
251.000 6507.000
412.000 6367.000
924.000 6322.000
531.000 6106.000
911.000 6121.000
194.000 6334.000
932.000 6629.000
2379.000 9117.000
2485.000 9333.000
2468.000 9288.000
4492.000 5994.000
4463.000 6877.000
4477.000 6956.000
4480.000 6218.000
4521.000 6621.000
4542.000 6513.000
4490.000 6449.000
4514.000 6372.000
4441.000 6043.000
4599.000 5985.000
4572.000 6151.000
4528.000 6672.000
4450.000 5142.000
4516.000 4860.000
4597.000 4959.000
4496.000 4939.000
4544.000 4704.000
4539.000 5004.000
4466.000 4771.000
4463.000 4639.000
6378.000 4546.000
8889.000 8557.000
8550.000 9549.000
8658.000 8543.000
8773.000 9568.000
8353.000 8834.000
8706.000 8731.000
8385.000 9213.000
8740.000 9533.000
8641.000 8834.000
8490.000 8807.000
8391.000 9564.000
8898.000 8035.000
8922.000 8112.000
8841.000 8744.000
8357.000 9438.000
8536.000 9390.000
8776.000 9337.000
8701.000 8980.000
8840.000 8469.000
8377.000 8996.000
8329.000 9151.000
8886.000 9193.000
8335.000 9597.000
8666.000 9043.000
8653.000 9241.000
8887.000 9275.000
8317.000 9258.000
8219.000 8982.000
8601.000 9133.000
8519.000 8736.000
8718.000 8596.000
8955.000 9355.000
8745.000 8802.000
8759.000 8056.000
8845.000 9674.000
8580.000 8602.000
8450.000 8960.000
8897.000 8687.000
8203.000 9619.000
8722.000 8220.000
8692.000 9570.000
8533.000 9228.000
8964.000 9063.000
8841.000 8979.000
8602.000 8265.000
8420.000 8713.000
8812.000 9153.000
8532.000 8962.000
8759.000 8926.000
8481.000 9718.000
8746.000 9406.000
8643.000 8431.000
8536.000 9390.000
8698.000 9148.000
8734.000 9660.000
8603.000 9486.000
8895.000 9609.000
8467.000 9364.000
8839.000 9493.000
8650.000 9319.000
8189.000 8782.000
8691.000 8169.000
8846.000 8367.000
8805.000 8643.000
8830.000 8855.000
8586.000 9598.000
8701.000 8325.000
8297.000 9357.000
8446.000 9480.000
8926.000 8798.000
8288.000 8908.000
8284.000 9056.000
8759.000 9238.000
8282.000 9506.000
8777.000 9055.000
8611.000 8697.000
8476.000 9615.000
8794.000 4248.000
8750.000 4229.000
8797.000 4486.000
8902.000 4387.000
8725.000 4443.000
8662.000 4116.000
8660.000 4392.000
8825.000 4094.000
8958.000 4514.000
8658.000 4284.000
8687.000 4486.000
8875.000 4192.000
8743.000 4338.000
9088.000 7269.000
100.000 6499.000
82.000 6346.000
214.000 6610.000
557.000 5991.000
572.000 7195.000
540.000 7103.000
518.000 7169.000
820.000 2039.000
747.000 2096.000
690.000 2050.000
667.000 2082.000
899.000 2156.000
785.000 7171.000
691.000 7199.000
625.000 5997.000
793.000 5416.000
829.000 6923.000
796.000 6633.000
934.000 2296.000
953.000 2684.000
950.000 3177.000
927.000 3227.000
896.000 3377.000
954.000 3545.000
925.000 3619.000
943.000 4141.000
955.000 4385.000
957.000 4537.000
954.000 4748.000
906.000 5303.000
958.000 5089.000
983.000 2043.000
1045.000 2311.000
1063.000 2471.000
1039.000 5268.000
1081.000 4138.000
1024.000 3081.000
1013.000 2880.000
1019.000 2871.000
1031.000 2921.000
1042.000 4745.000
1042.000 6829.000
1035.000 5825.000
1032.000 5149.000
1029.000 4481.000
1046.000 4520.000
1026.000 4836.000
1109.000 7224.000
1005.000 3985.000
997.000 6297.000
1029.000 6689.000
1025.000 3838.000
1139.000 7120.000
1181.000 7090.000
1235.000 2159.000
1113.000 2170.000
1023.000 6459.000
1031.000 5610.000
1689.000 6060.000
1799.000 6063.000
1448.000 6097.000
1275.000 6101.000
1609.000 6098.000
1188.000 2018.000
1431.000 7229.000
1635.000 7172.000
1706.000 7179.000
1279.000 7179.000
1595.000 7196.000
1427.000 2010.000
1365.000 5969.000
1481.000 7086.000
1587.000 5992.000
1636.000 1982.000
1706.000 6014.000
1803.000 7115.000
1857.000 7230.000
2020.000 7194.000
1853.000 5969.000
1975.000 6081.000
2026.000 6101.000
2048.000 7083.000
2141.000 5972.000
2330.000 6006.000
2309.000 5995.000
2173.000 2028.000
2277.000 7243.000
2142.000 7181.000
2180.000 2130.000
2350.000 2118.000
2244.000 6089.000
2297.000 7463.000
2309.000 7727.000
2325.000 7876.000
2320.000 9347.000
2298.000 7906.000
2332.000 8103.000
2333.000 8247.000
2336.000 8549.000
2357.000 8769.000
2386.000 7086.000
2349.000 2067.000
2520.000 6115.000
2432.000 6064.000
2724.000 6091.000
2426.000 7905.000
2369.000 7331.000
2355.000 7475.000
2592.000 2131.000
2703.000 2113.000
2432.000 2114.000
2378.000 7695.000
2417.000 8562.000
2401.000 8336.000
2383.000 8106.000
2434.000 8399.000
2401.000 8745.000
2468.000 8827.000
2613.000 7213.000
2553.000 7226.000
2545.000 7083.000
2561.000 9731.000
2536.000 9660.000
2804.000 7098.000
2794.000 5978.000
2854.000 2013.000
2999.000 2044.000
3013.000 7174.000
2885.000 7191.000
2864.000 2123.000
3084.000 6107.000
2933.000 6064.000
3002.000 7127.000
3091.000 2162.000
3204.000 7083.000
3317.000 7113.000
3190.000 5972.000
3255.000 1992.000
3173.000 7208.000
3512.000 2103.000
3321.000 5950.000
3389.000 7198.000
3496.000 7208.000
3495.000 6043.000
3500.000 2017.000
3489.000 7135.000
3592.000 5960.000
3764.000 5962.000
3637.000 7085.000
3917.000 2009.000
3692.000 2041.000
4036.000 2039.000
3863.000 1995.000
3763.000 2108.000
3869.000 6063.000
3824.000 6086.000
3869.000 7072.000
3829.000 2113.000
3977.000 7231.000
4123.000 7176.000
4014.000 5995.000
4053.000 6057.000
4165.000 2123.000
4146.000 7102.000
4379.000 2012.000
4268.000 7215.000
4327.000 6204.000
4329.000 6683.000
4346.000 8769.000
4328.000 8943.000
4337.000 4519.000
4335.000 9532.000
4312.000 9584.000
4335.000 9753.000
4336.000 4928.000
4327.000 5210.000
4334.000 10258.000
4395.000 10418.000
4435.000 2077.000
4512.000 2101.000
4463.000 5482.000
4482.000 7196.000
4392.000 9487.000
4412.000 10284.000
4724.000 9786.000
4523.000 9762.000
5000.000 9827.000
4838.000 9764.000
5254.000 9763.000
4476.000 8585.000
4405.000 8873.000
4400.000 9063.000
4421.000 9099.000
4432.000 9199.000
4396.000 9373.000
4576.000 8720.000
4508.000 4506.000
4601.000 2006.000
4657.000 7211.000
4694.000 8612.000
4707.000 9671.000
4706.000 4493.000
4676.000 4819.000
4688.000 6344.000
4665.000 6720.000
4683.000 5007.000
4665.000 5557.000
4669.000 5683.000
4671.000 5900.000
4719.000 7050.000
4827.000 2485.000
4827.000 2690.000
4828.000 2844.000
4799.000 2914.000
4826.000 3150.000
4914.000 2173.000
4921.000 1948.000
4857.000 1930.000
4887.000 1791.000
4875.000 2022.000
4815.000 1820.000
4944.000 1713.000
4908.000 1643.000
4837.000 1601.000
4923.000 1598.000
4825.000 3232.000
4874.000 1159.000
4879.000 972.000
4891.000 685.000
4829.000 338.000
4867.000 299.000
4889.000 938.000
4927.000 504.000
4799.000 649.000
4879.000 795.000
4797.000 135.000
4809.000 87.000
4840.000 952.000
4898.000 91.000
4828.000 1352.000
4824.000 3449.000
4803.000 3498.000
4827.000 7338.000
4830.000 7616.000
4802.000 4288.000
4830.000 7892.000
4828.000 8052.000
4832.000 8205.000
4829.000 8345.000
4752.000 4603.000
4805.000 6001.000
4985.000 5986.000
5000.000 6054.000
4854.000 6072.000
4921.000 8077.000
4907.000 2791.000
4944.000 7219.000
4872.000 7463.000
4908.000 7362.000
4999.000 7181.000
4890.000 7477.000
4916.000 2960.000
4878.000 3259.000
4924.000 4247.000
4957.000 7711.000
4943.000 3056.000
4904.000 3435.000
4926.000 2689.000
4893.000 3588.000
4899.000 3670.000
4894.000 2505.000
4917.000 8249.000
4901.000 8339.000
4914.000 2462.000
4878.000 2350.000
5013.000 8712.000
5181.000 8688.000
4910.000 4425.000
4882.000 3956.000
5002.000 7110.000
5195.000 4637.000
5075.000 4586.000
5107.000 9719.000
5521.000 8565.000
5729.000 8622.000
5190.000 8631.000
5210.000 8557.000
5700.000 8591.000
5848.000 8599.000
5196.000 4515.000
5121.000 9716.000
5232.000 8711.000
5332.000 9702.000
5610.000 4477.000
5491.000 4524.000
5646.000 4468.000
5454.000 4503.000
5447.000 8700.000
5485.000 9708.000
5483.000 9767.000
5574.000 4612.000
5612.000 8711.000
5983.000 8708.000
6022.000 8716.000
5868.000 8707.000
5734.000 8667.000
5991.000 4528.000
5916.000 4474.000
6141.000 4471.000
5913.000 8592.000
6033.000 4582.000
6162.000 8566.000
6247.000 4383.000
6217.000 4593.000
6360.000 8661.000
6398.000 8721.000
6227.000 8695.000
6446.000 4382.000
6403.000 4645.000
6439.000 4596.000
6639.000 8570.000
6511.000 8617.000
6575.000 4367.000
6654.000 4597.000
6970.000 8664.000
6873.000 8698.000
6734.000 8692.000
6753.000 4491.000
6999.000 4608.000
6801.000 4577.000
6948.000 4617.000
7144.000 4576.000
7142.000 4578.000
6836.000 8585.000
6937.000 4510.000
7248.000 8588.000
7342.000 8593.000
7087.000 4506.000
7242.000 4518.000
7174.000 8699.000
7822.000 4571.000
7726.000 4608.000
7478.000 4639.000
7613.000 4577.000
7958.000 4620.000
7610.000 8579.000
7517.000 4501.000
7696.000 8670.000
7700.000 9778.000
7752.000 4505.000
7912.000 9831.000
8036.000 9821.000
7931.000 8719.000
7992.000 8610.000
7936.000 9699.000
8077.000 8559.000
8129.000 4526.000
8156.000 8858.000
8157.000 8991.000
8152.000 9253.000
8350.000 4582.000
8263.000 9792.000
8317.000 4526.000
8360.000 9781.000
8375.000 4487.000
8545.000 4055.000
8501.000 4328.000
8526.000 8494.000
8552.000 8288.000
8571.000 8011.000
8544.000 7987.000
8646.000 4628.000
8702.000 9784.000
8705.000 4635.000
8830.000 5054.000
8883.000 5233.000
8885.000 5568.000
8868.000 5773.000
8883.000 5990.000
8946.000 2850.000
8951.000 2805.000
8878.000 3004.000
8870.000 3229.000
8882.000 3725.000
8877.000 6142.000
8873.000 6325.000
8892.000 6661.000
8867.000 6717.000
8890.000 7184.000
8891.000 7453.000
8893.000 7513.000
8893.000 7648.000
9069.000 9764.000
8925.000 9778.000
9033.000 2790.000
9062.000 2807.000
9075.000 7796.000
9086.000 3120.000
9076.000 8305.000
9107.000 6088.000
9064.000 7491.000
9103.000 5264.000
9065.000 9102.000
9072.000 3725.000
9105.000 5113.000
9077.000 5678.000
9070.000 7579.000
9069.000 8452.000
9065.000 9694.000
9133.000 6443.000
9075.000 4743.000
9074.000 4531.000
9067.000 4041.000
9064.000 7985.000
9062.000 9296.000
9060.000 9560.000
9071.000 4340.000
9070.000 8673.000
9064.000 3579.000
9063.000 9019.000
9084.000 3539.000
9063.000 3342.000
9062.000 8805.000
9095.000 8248.000
9079.000 6277.000
9104.000 5594.000
9077.000 5359.000
9073.000 4901.000
9083.000 7099.000
9262.000 7194.000
9378.000 7076.000
9177.000 7296.000
9499.000 7301.000
9669.000 7167.000
9790.000 7338.000
9997.000 7303.000
9920.000 7274.000
9917.000 7221.000
10102.000 7183.000
10359.000 7231.000
10245.000 7233.000
9929.000 7210.000
10165.000 7313.000
10348.000 7281.000
10474.000 7283.000
10732.000 7295.000
10893.000 7312.000
11002.000 7292.000
10760.000 7280.000
11276.000 7185.000
11195.000 7288.000
11218.000 7291.000
11577.000 7252.000
11687.000 7202.000
11464.000 7209.000
11737.000 7230.000
11648.000 7312.000
11928.000 7301.000
11963.000 7173.000
12155.000 7314.000
12094.000 7331.000
12712.000 7184.000
12829.000 7173.000
12904.000 7231.000
12371.000 7189.000
12268.000 7197.000
12522.000 7313.000
12815.000 7313.000
13101.000 7343.000
13226.000 7303.000
12928.000 7313.000
13266.000 7299.000
13264.000 7244.000
4360.000 6920.500
3477.000 6020.500
3948.500 2086.500
988.000 3968.500
4905.000 8666.000
4738.500 4576.500
8911.750 5358.500
3243.000 6034.000
905.500 7173.000
1003.000 5037.000
7588.000 8659.500
7900.500 9727.500
993.000 3654.000
12125.500 7245.000
7461.500 8619.000
6412.500 8621.500
3558.500 2060.500
4634.500 6513.000
2360.000 7737.000
2090.000 2077.750
8560.500 9756.000
8916.000 7857.500
974.000 2802.000
9038.500 5343.500
7915.000 4531.500
8910.500 6963.500
1891.000 7126.000
4362.000 9402.000
1979.500 2080.250
8908.000 6523.000
8748.000 8003.000
9045.000 4482.500
4159.500 6038.000
7783.500 8661.000
4615.000 9728.750
2650.000 7124.500
13131.000 7244.500
4876.000 7973.500
5063.500 8623.000
5229.000 9739.000
2450.750 6016.000
4356.750 9191.500
8335.000 4552.500
3953.500 6029.500
4358.750 4663.500
7455.500 4533.000
8915.750 3663.500
986.000 4947.500
7148.500 8663.500
1006.000 5395.000
6303.500 8623.000
952.000 2074.500
2368.500 9463.500
2360.500 8371.000
4860.000 7585.000
1028.500 7174.000
1792.000 2082.500
996.000 3221.000
2514.500 9554.000
8913.500 6850.000
4373.000 9879.250
4350.500 6550.500
1398.500 7129.000
8915.000 7323.500
12679.500 7279.500
3724.000 7132.000
2551.500 9280.500
5006.000 9726.500
3053.500 7127.500
2667.500 6018.500
668.000 6546.500
2706.000 2063.500
5938.000 4569.000
9640.500 7280.000
9042.500 9445.500
4868.500 3766.500
4853.500 7297.500
9045.000 3840.000
5323.000 4538.000
8915.000 3845.000
6532.500 8662.500
4874.000 7860.000
8902.500 4797.250
8919.500 6209.500
3604.000 6051.250
1588.250 2076.250
8916.500 5016.500
4835.250 1995.250
1589.000 7129.500
2333.000 7491.000
1001.500 6590.500
991.000 4269.500
4636.500 5439.000
2498.500 2061.500
9030.750 8793.750
4868.500 7129.500
2329.500 9088.000
8535.000 4140.500
853.000 5745.750
1298.000 2078.000
2352.500 8132.000
8178.000 9101.000
4471.500 4535.500
2911.000 7148.000
1992.000 6020.500
4850.500 2254.750
8910.000 3413.000
12300.000 7284.750
983.000 4090.000
8695.000 4038.500
2956.000 6014.500
604.500 6025.000
8181.500 9592.500
108.750 6214.500
4288.500 2079.500
851.000 5632.500
10263.000 7259.500
1162.000 6038.000
4851.500 3959.000
1687.000 7132.000
9030.000 7532.000
990.500 2902.500
9043.000 6171.000
1005.500 6995.000
9928.500 7255.500
986.500 3758.250
2328.500 6031.500
7765.000 9754.500
8886.500 4658.500
8534.500 4575.000
6800.500 8619.500
1008.000 5601.000
2849.625 6024.750
3848.500 7173.000
1282.500 6016.000
2374.000 8228.000
8254.500 8615.750
10486.000 7237.000
993.750 4366.000
8554.500 4256.500
9132.500 7262.000
9038.500 8119.500
1018.500 6120.000
9054.500 5882.250
3141.000 7173.500
4360.250 10089.500
8910.000 3535.500
7141.250 4561.250
9022.000 4078.500
4348.000 6318.500
850.500 6885.000
8676.000 9751.000
2343.500 7596.750
4484.500 9714.000
4873.500 4572.500
2554.500 9396.000
2776.000 7173.500
11198.500 7261.500
4479.750 5832.000
4711.500 2075.000
2393.500 2070.000
5065.500 4531.500
9377.000 7277.500
6692.000 4568.000
4846.000 2364.000
4849.500 7463.000
8801.500 4037.000
4361.000 9081.500
8192.000 8960.500
332.500 6023.000
8909.000 4913.500
2332.500 9207.000
4700.500 8670.500
4358.500 4783.000
10761.500 7257.500
8913.500 5698.500
4362.000 5153.500
4482.750 5612.250
2173.000 7126.000
8915.500 9754.000
8027.000 4537.500
9042.000 3307.500
451.750 6554.000
6249.500 4573.500
4671.500 6102.000
4970.000 7129.000
9047.500 4890.500
8007.000 8641.000
2514.000 9687.500
4635.750 6906.500
5118.000 9743.000
4862.562 4064.875
4368.500 9981.500
4097.500 7129.500
9035.750 2927.750
5453.250 9735.500
4902.500 9722.500
8178.000 9475.500
4066.500 6029.500
1881.500 2073.500
526.000 6212.000
287.000 6397.500
782.500 6442.500
202.500 6228.500
4451.000 6733.000
4376.000 6993.500
4438.000 7057.000
4359.000 6818.500
4846.000 1751.500
4852.500 1477.000
8751.500 8413.500
8892.500 8281.000
8952.500 8433.000
8501.000 9143.500
8812.000 8233.500
8318.500 8696.500
8900.500 8929.500
8938.500 9451.500
8855.500 4327.500
8981.500 4181.500
96.000 6559.000
84.000 6025.500
292.000 5998.000
628.000 7105.000
945.500 2476.000
944.000 2934.000
958.000 4826.000
1011.500 2712.750
1029.000 3514.500
1022.500 3337.500
1452.000 2156.000
1726.500 2148.000
2318.500 8964.000
2296.000 9510.500
2405.000 9710.000
2703.000 6066.500
2580.750 9043.000
3215.500 6103.500
3352.500 2116.000
3538.500 2097.000
3679.000 7223.500
3459.500 6075.500
4269.500 2040.000
4262.500 6008.500
4320.000 8628.500
4361.500 10417.500
4408.500 2106.000
4401.000 10114.000
4821.500 4347.500
4660.000 5224.500
4861.500 1379.500
4871.500 1245.000
4850.500 1052.000
4834.500 796.500
4825.000 1204.000
4833.500 516.500
4850.000 380.000
4862.500 205.500
4818.500 3732.500
4818.500 7765.500
4964.500 8581.500
5336.500 4642.000
5364.500 8615.500
5780.500 4624.500
7322.000 8616.500
7100.000 8583.500
7992.000 4618.000
7325.000 4581.000
7431.000 8718.000
7740.000 9659.500
7797.500 8607.000
8242.000 4589.000
8538.500 4013.500
8510.500 8202.000
8874.500 2818.500
9129.000 4115.500
9085.500 6626.000
9090.000 6870.500
9419.000 7072.500
9390.500 6989.750
9626.500 7176.500
10528.000 7285.000
10610.250 7232.500
10731.500 7235.000
10919.500 7264.000
11085.500 7226.500
11428.000 7291.000
11801.000 7285.000
12565.500 7174.500
