8042.000 -4657.000
1585.000 -4913.000
1585.000 -5142.000
1205.000 -5074.000
1357.000 -4880.000
1654.000 -1460.000
1440.000 -1045.000
1455.000 -1488.000
1365.000 -2725.000
1959.000 -2874.000
1503.000 -3765.000
1959.000 -3642.000
1364.000 -2984.000
1364.000 -3201.000
1536.000 -2594.000
1757.000 -3776.000
1364.000 -3402.000
1748.000 -2594.000
1959.000 -2662.000
1364.000 -3607.000
1909.000 -5094.000
2058.000 -5288.000
2119.000 -1275.000
1994.000 -1480.000
2550.000 -4889.000
2550.000 -5089.000
2574.000 -1299.000
2509.000 -1065.000
2454.000 -1520.000
2506.000 -4218.000
3005.000 -5077.000
2879.000 -5290.000
3039.000 -1404.000
2914.000 -1248.000
3474.000 -5180.000
3385.000 -1091.000
3592.000 -4567.000
3940.000 -5010.000
3804.000 -5175.000
3890.000 -5483.000
3832.000 -4830.000
3959.000 -1356.000
3834.000 -1520.000
3902.000 -4203.000
4395.000 -5319.000
4300.000 -1279.000
4396.000 -1059.000
4740.000 -5061.000
4874.000 -5212.000
4899.000 -1201.000
4764.000 -1446.000
4805.000 -4607.000
5038.000 -1829.000
4819.000 -1771.000
5235.000 -1814.000
5210.000 -5069.000
5335.000 -5377.000
5334.000 -1458.000
5230.000 -1274.000
5289.000 -4200.000
7916.000 -4605.000
7813.000 -4168.000
5773.000 -3135.000
7114.000 -3928.000
8013.000 -1992.000
7407.000 -2644.000
8794.000 -2358.000
5774.000 -3672.000
8366.000 -1547.000
6045.000 -2945.000
7114.000 -4330.000
8692.000 -3411.000
7114.000 -3521.000
8480.000 -4045.000
7122.000 -1789.000
9071.000 -3150.000
8493.000 -3708.000
7554.000 -1309.000
6434.000 -3889.000
8743.000 -4414.000
6434.000 -2384.000
6523.000 -3362.000
7483.000 -2981.000
8496.000 -2338.000
7119.000 -2096.000
8506.000 -1776.000
6511.000 -3036.000
6906.000 -3198.000
8764.000 -2559.000
5773.000 -2893.000
6044.000 -2388.000
6150.000 -4155.000
9102.000 -4569.000
6159.000 -3276.000
7979.000 -4348.000
8351.000 -4606.000
8356.000 -2124.000
5773.000 -2534.000
7621.000 -1942.000
7556.000 -4259.000
9374.000 -3301.000
8084.000 -969.000
6044.000 -3773.000
8469.000 -3429.000
7130.000 -2821.000
8156.000 -2248.000
7154.000 -4608.000
7249.000 -3731.000
8676.000 -3050.000
8273.000 -1913.000
8313.000 -4224.000
7850.000 -1678.000
7769.000 -1269.000
6090.000 -2670.000
7420.000 -3404.000
7462.000 -2207.000
7779.000 -2245.000
9352.000 -3065.000
9134.000 -3348.000
8119.000 -1726.000
8129.000 -4137.000
7272.000 -3085.000
8057.000 -1483.000
8124.000 -1246.000
5774.000 -3926.000
6044.000 -3516.000
7660.000 -4603.000
8870.000 -3309.000
7827.000 -1917.000
7231.000 -4151.000
7449.000 -3678.000
5774.000 -3422.000
7119.000 -2614.000
7923.000 -1090.000
6447.000 -2595.000
8156.000 -4518.000
6328.000 -3142.000
7843.000 -1463.000
6044.000 -3985.000
5665.000 -5042.000
5782.000 -4860.000
5804.000 -1142.000
5689.000 -1317.000
6129.000 -5356.000
6130.000 -4892.000
6269.000 -5163.000
6264.000 -1124.000
6144.000 -1282.000
6678.000 -4585.000
6516.000 -1833.000
6714.000 -1823.000
7555.000 -878.000
7555.000 -1084.000
8856.000 -5307.000
9174.000 -4989.000
9244.000 -5511.000
9184.000 -1368.000
1511.000 -5162.000
1549.000 -1200.000
1705.000 -3229.000
1515.000 -2998.000
1586.000 -2897.000
1737.000 -3389.000
1528.000 -3623.000
1763.000 -2999.000
1779.000 -2789.000
6104.000 -3232.000
7123.000 -3362.000
8131.000 -3834.000
7776.000 -3283.000
7724.000 -3710.000
7926.000 -2547.000
7992.000 -2640.000
8227.000 -3205.000
7785.000 -2822.000
8126.000 -3521.000
8334.000 -2541.000
8186.000 -3589.000
8055.000 -3406.000
7571.000 -3449.000
8429.000 -3970.000
7859.000 -2547.000
7499.000 -2648.000
7640.000 -3027.000
7912.000 -3460.000
7986.000 -3663.000
8489.000 -3316.000
7805.000 -3029.000
8043.000 -3064.000
7536.000 -3316.000
8009.000 -2511.000
8147.000 -2690.000
7966.000 -2309.000
7824.000 -3919.000
2329.000 -2260.000
1890.000 -1965.000
2216.000 -2095.000
1747.000 -2176.000
1360.000 -2139.000
1631.000 -2195.000
1162.000 -2114.000
1165.000 -5235.000
1591.000 -4290.000
1505.000 -4123.000
1334.000 -4227.000
1209.000 -4222.000
1173.000 -4891.000
1539.000 -4734.000
1783.000 -4668.000
1382.000 -4580.000
1261.000 -4608.000
1232.000 -4467.000
1530.000 -4487.000
1677.000 -4410.000
1621.000 -1828.000
1530.000 -1768.000
1681.000 -1954.000
1585.000 -1932.000
1703.000 -1863.000
1740.000 -1737.000
1323.000 -3762.000
1362.000 -2560.000
1589.000 -5418.000
1683.000 -1161.000
1895.000 -5330.000
1934.000 -4937.000
1911.000 -4863.000
1618.000 -1542.000
2247.000 -4544.000
1981.000 -4497.000
1976.000 -4493.000
1896.000 -1188.000
1945.000 -2569.000
2170.000 -4260.000
2175.000 -4098.000
2212.000 -1779.000
1988.000 -4092.000
2093.000 -4985.000
2115.000 -5448.000
2089.000 -1072.000
2380.000 -4893.000
2362.000 -5441.000
2585.000 -5271.000
2627.000 -1474.000
3492.000 -4734.000
3360.000 -4581.000
3426.000 -4323.000
2898.000 -4170.000
3445.000 -4953.000
3548.000 -4477.000
2739.000 -4241.000
3003.000 -4673.000
3150.000 -4484.000
3418.000 -4502.000
2799.000 -4520.000
5951.000 -2265.000
4895.000 -1965.000
4796.000 -2217.000
3987.000 -2230.000
2653.000 -2299.000
2750.000 -2124.000
3400.000 -1978.000
5414.000 -2231.000
3450.000 -2231.000
3309.000 -2087.000
2923.000 -2164.000
5255.000 -2062.000
3714.000 -2132.000
4125.000 -2179.000
2987.000 -2125.000
3198.000 -2189.000
4424.000 -2189.000
5729.000 -2217.000
3075.000 -1489.000
3283.000 -1742.000
3206.000 -1903.000
2821.000 -1850.000
3118.000 -1764.000
2612.000 -4918.000
2631.000 -1148.000
2829.000 -5042.000
2986.000 -4852.000
3129.000 -5213.000
3015.000 -1224.000
3411.000 -5150.000
3359.000 -1403.000
3461.000 -1063.000
3466.000 -5446.000
3527.000 -1294.000
3839.000 -4988.000
3866.000 -1335.000
3807.000 -4512.000
3862.000 -1044.000
3989.000 -1111.000
4025.000 -5341.000
3947.000 -1520.000
3968.000 -4892.000
4149.000 -4524.000
4418.000 -4430.000
4551.000 -4499.000
4620.000 -1754.000
4432.000 -1683.000
4237.000 -1726.000
4125.000 -1875.000
4560.000 -1896.000
4415.000 -4201.000
4175.000 -4153.000
4539.000 -4248.000
4738.000 -4144.000
4295.000 -5337.000
4327.000 -1075.000
4456.000 -5087.000
4383.000 -4863.000
4532.000 -1184.000
4740.000 -1509.000
4912.000 -1069.000
4707.000 -5457.000
4864.000 -4507.000
4926.000 -4910.000
5362.000 -5502.000
5101.000 -4928.000
5386.000 -1148.000
5312.000 -1553.000
5229.000 -4524.000
5220.000 -4581.000
5315.000 -5132.000
5435.000 -4065.000
5489.000 -4249.000
6453.000 -4623.000
6259.000 -4647.000
6060.000 -4637.000
5861.000 -4648.000
6233.000 -4582.000
5947.000 -4477.000
5664.000 -4619.000
5586.000 -4512.000
6250.000 -1693.000
6120.000 -1773.000
5922.000 -1791.000
5731.000 -1739.000
5644.000 -1805.000
5467.000 -1893.000
5968.000 -1886.000
6239.000 -1782.000
5704.000 -4830.000
5661.000 -1101.000
5837.000 -4961.000
5812.000 -1505.000
6079.000 -5094.000
6039.000 -4934.000
6183.000 -1089.000
6225.000 -5346.000
6142.000 -5497.000
6393.000 -3684.000
6353.000 -3547.000
6222.000 -1419.000
6276.000 -1556.000
6228.000 -1288.000
6543.000 -4906.000
6561.000 -1503.000
6619.000 -1102.000
6938.000 -1439.000
7211.000 -1426.000
7096.000 -1313.000
6729.000 -4115.000
6716.000 -3937.000
6766.000 -4194.000
6741.000 -2668.000
6742.000 -2529.000
6753.000 -2808.000
6615.000 -3808.000
6704.000 -3771.000
6729.000 -2213.000
6790.000 -3113.000
6845.000 -5335.000
6907.000 -5318.000
6866.000 -1827.000
6983.000 -5016.000
7219.000 -5009.000
7155.000 -4132.000
7064.000 -3829.000
6972.000 -3127.000
7289.000 -1261.000
7130.000 -5447.000
7694.000 -4543.000
8062.000 -879.000
8485.000 -4259.000
8379.000 -1187.000
8506.000 -1853.000
8720.000 -2282.000
8816.000 -5111.000
8812.000 -5017.000
8695.000 -5032.000
8909.000 -5002.000
8946.000 -1378.000
8787.000 -1063.000
8886.000 -1269.000
8928.000 -1185.000
8885.000 -3162.000
8847.000 -4455.000
8964.000 -1827.000
9213.000 -5336.000
9281.000 -5047.000
9202.000 -4861.000
9162.000 -3544.000
9122.000 -3720.000
9183.000 -2958.000
9070.000 -2872.000
9375.000 -3500.000
9461.000 -3678.000
9432.000 -3874.000
9411.000 -4240.000
9408.000 -4221.000
9345.000 -1793.000
9424.000 -1974.000
9433.000 -2367.000
9408.000 -2587.000
9501.000 -2755.000
9380.000 -2217.000
9373.000 -2084.000
9381.000 -1385.000
9339.000 -1162.000
1333.500 -5416.000
1506.000 -5499.500
1267.500 -1443.500
1649.000 -1100.500
1206.750 -1149.750
1952.500 -3083.000
1972.500 -3398.000
1943.250 -3869.500
1892.000 -4195.750
2063.000 -4893.250
2031.500 -5497.000
1984.000 -4552.000
1988.500 -1844.500
2035.000 -1053.750
2435.000 -4544.500
2455.500 -1819.000
2399.500 -5235.250
2483.000 -5499.500
2516.500 -2142.500
2904.500 -4857.250
2953.250 -5511.500
2982.000 -1064.000
3343.000 -4904.500
3417.250 -5492.500
3469.000 -1259.500
3450.750 -1536.750
3797.000 -4599.500
3515.500 -1815.500
3822.500 -1817.500
3827.000 -1145.000
4298.500 -4861.000
4255.000 -5134.000
4425.000 -1512.000
4730.500 -5361.500
4772.000 -4842.500
4816.000 -4190.500
5155.250 -4554.750
5322.750 -4887.750
6421.500 -2805.000
8766.000 -3856.000
8567.500 -4588.500
8807.000 -2048.500
7123.500 -2377.500
8489.500 -2633.000
6434.000 -3686.000
8356.000 -1251.000
7415.000 -4577.000
5774.750 -2266.750
8403.500 -2915.000
7471.500 -4008.000
8803.500 -2819.500
7876.500 -866.000
7565.500 -1609.000
8762.500 -3633.000
5816.000 -4168.500
8770.500 -1784.500
6455.000 -4201.500
7339.500 -1853.000
8786.000 -4612.000
8797.500 -4129.000
7513.000 -2440.000
9376.500 -4549.000
6435.000 -2127.000
6723.500 -3290.500
5808.500 -5273.500
5726.000 -5501.500
5821.500 -1470.000
6135.500 -1493.000
6504.000 -4478.500
6626.500 -5228.000
6729.000 -4901.500
6638.625 -5462.250
6592.000 -1175.750
6709.500 -1533.500
7146.500 -1103.500
7085.000 -5479.000
7127.000 -5257.000
8366.500 -897.000
8742.000 -1141.500
9304.000 -5286.500
9207.000 -1081.500
9250.000 -1555.250
9260.000 -1829.000
5803.500 -2621.000
8155.000 -2925.500
7825.000 -3879.000
1947.500 -2072.000
1547.375 -4505.625
1335.000 -1680.500
1298.500 -1797.500
1139.000 -1846.500
2120.500 -1464.500
2417.750 -1186.250
3496.000 -4169.500
3192.250 -4227.750
3588.000 -4195.000
2852.000 -4679.000
3000.500 -4514.500
3866.250 -2134.000
6108.000 -2198.000
5084.500 -2265.500
4504.000 -2240.000
2931.500 -1541.500
3024.500 -1846.000
2888.000 -1692.500
3246.500 -5201.000
3804.500 -5441.000
4033.500 -5426.500
4257.000 -4674.500
4411.750 -4636.000
4442.000 -1891.000
4323.500 -5493.250
4297.500 -1588.000
4752.000 -1130.000
4847.250 -5469.250
4817.000 -4524.500
4942.000 -1517.500
5143.500 -4152.500
5166.250 -5409.250
5250.500 -1530.500
5252.000 -1107.500
5798.000 -4522.000
5823.500 -1915.000
5645.000 -5357.000
5680.500 -1494.500
6264.000 -5457.500
6280.000 -4924.000
6790.500 -1192.000
7072.000 -1148.500
7114.000 -1365.000
6760.500 -3622.500
6658.000 -2354.000
6713.000 -5172.500
6968.500 -4555.500
7103.500 -5060.500
8699.500 -5347.500
8826.500 -5493.000
8812.500 -1346.000
8733.750 -1386.000
8925.500 -1857.750
9157.000 -5282.000
9273.000 -4862.000
9188.000 -2723.500
9384.500 -4298.500
9236.000 -4122.500
9221.000 -2287.500
