[INFO]
FORMAT=MAP_POINTS
NAME=
VERSION=1.0
COMMENT=Polygon with holes has been re-created from the file '../data/planning/maps/warehouse/warehouse.map'
COMMENT=Collinear points has been removed by the 'tmap_convert.cc' ver. 0.5
COMMENT=Created from file '../data/planning/maps/warehouse/warehouse.map' by program ./tmap_convert version 0.5
COMMENT=Created from file 'maps/warehouse/warehouse.txt' by program ../map_tools/tmap_convert version 0.5

[MAP_POINTS]
0 0 4000
1 680 4000
2 680 3720
3 920 3720
4 920 4000
5 2440 4000
6 2440 3020
7 2600 3020
8 2600 4000
9 2960 4000
10 2960 3740
11 3200 3740
12 3200 4000
13 4000 4000
14 4000 0
15 0 0
16 800 400
17 800 600
18 100 600
19 100 400
20 540 100
21 760 100
22 760 240
23 540 240
24 1360 200
25 1360 1140
26 820 1140
27 820 860
28 1140 860
29 1140 200
30 480 1340
31 1920 1340
32 1920 1500
33 480 1500
34 160 840
35 480 840
36 480 1120
37 160 1120
38 2960 3560
39 2960 3400
40 3880 3400
41 3880 3560
42 2900 2740
43 2300 2740
44 2300 2560
45 2930 2560
46 2930 2310
47 3050 2310
48 3050 1840
49 3130 1840
50 3130 2340
51 3050 2340
52 3050 2560
53 3080 2560
54 3080 3140
55 2900 3140
56 2760 1820
57 2760 1600
58 3500 1600
59 3500 1820
60 1280 2400
61 1480 2400
62 1480 2340
63 1800 2340
64 1800 1740
65 1950 1740
66 1950 2060
67 2580 2060
68 2580 2340
69 1960 2340
70 1960 2440
71 1480 2440
72 1480 3040
73 1280 3040
74 240 2980
75 400 2980
76 400 3760
77 240 3760
78 840 3340
79 1720 3340
80 1720 3480
81 840 3480
82 580 1720
83 820 1720
84 820 1840
85 1220 1840
86 1220 1780
87 1480 1780
88 1480 2020
89 1220 2020
90 1220 1930
91 820 1930
92 820 2380
93 580 2380
94 2080 800
95 3320 800
96 3320 1000
97 2080 1000
98 1720 380
99 1720 180
100 2680 180
101 2680 380
102 3400 2220
103 3600 2220
104 3600 2920
105 3400 2920
106 1920 2640
107 2060 2640
108 2060 3300
109 1920 3300
110 1440 3800
111 2180 3800
112 2180 3920
113 1440 3920
114 2180 1240
115 2320 1240
116 2320 1840
117 2180 1840
118 3500 100
119 3700 100
120 3700 1320
121 3500 1320
122 40 1600
123 200 1600
124 200 2720
125 40 2720
126 680 2820
127 840 2820
128 840 2980
129 680 2980
130 1630 1330
131 1630 670
132 1800 670
133 1800 1330
134 2680 1020
135 2680 1390
136 2570 1390
137 2570 1020
138 1800 1510
139 1910 1510
140 1910 1730
141 1800 1730

[MAP_BORDER]
15
14
13
12
11
10
9
8
7
6
5
4
3
2
1
0

[MAP_OBSTACLE]
19
18
17
16

[MAP_OBSTACLE]
23
22
21
20

[MAP_OBSTACLE]
29
28
27
26
25
24

[MAP_OBSTACLE]
33
32
31
30

[MAP_OBSTACLE]
37
36
35
34

[MAP_OBSTACLE]
41
40
39
38

[MAP_OBSTACLE]
55
54
53
52
51
50
49
48
47
46
45
44
43
42

[MAP_OBSTACLE]
59
58
57
56

[MAP_OBSTACLE]
73
72
71
70
69
68
67
66
65
64
63
62
61
60

[MAP_OBSTACLE]
77
76
75
74

[MAP_OBSTACLE]
81
80
79
78

[MAP_OBSTACLE]
93
92
91
90
89
88
87
86
85
84
83
82

[MAP_OBSTACLE]
97
96
95
94

[MAP_OBSTACLE]
101
100
99
98

[MAP_OBSTACLE]
105
104
103
102

[MAP_OBSTACLE]
109
108
107
106

[MAP_OBSTACLE]
113
112
111
110

[MAP_OBSTACLE]
117
116
115
114

[MAP_OBSTACLE]
121
120
119
118

[MAP_OBSTACLE]
125
124
123
122

[MAP_OBSTACLE]
129
128
127
126

[MAP_OBSTACLE]
133
132
131
130

[MAP_OBSTACLE]
137
136
135
134

[MAP_OBSTACLE]
141
140
139
138

