168.000 1530.000
171.000 793.000
168.000 413.000
169.000 1158.000
1803.000 166.000
1620.000 654.000
986.000 1160.000
675.000 166.000
885.000 1902.000
1515.000 1905.000
1641.000 1160.000
1232.000 166.000
1311.000 2186.000
1926.000 1482.000
286.000 1908.000
195.000 2294.000
286.000 80.000
565.000 1367.000
715.000 1652.000
666.000 2125.000
947.000 2116.000
1379.000 503.000
1038.000 563.000
1382.000 1043.000
1142.000 1590.000
1716.000 2102.000
1857.000 1115.000
1860.000 1880.000
1821.000 758.000
1863.000 449.000
2005.000 1975.000
2023.000 2068.000
453.000 2129.500
495.000 1030.000
528.500 649.500
