[INFO]
FORMAT=MAP_POINTS
NAME=tspnn/jh/bp-d500-b150/jh-vis.txt
VERSION=1.0
COMMENT=Polygon with holes a convex partition
COMMENT=Filtered map by relevance filter from file '' with max relevance 5
COMMENT=Created from file '../data/maps/jh-V-fil_rel5/jh-V-fil_rel5.txt' by program ./tmap_convert version 0.5
COMMENT=Created from file 'maps/jh-V-fil_rel5/jh-V-fil_rel5.txt' by program ../map_tools/tmap_convert version 0.5
COMMENT=visibility graphs created by tvisibility.cc

[MAP_POINTS]
0 2071 16
1 2074.54 408.536
2 1858 410
3 1858 421
4 2077.54 425.464
5 2074.54 554.536
6 1806.46 551.536
7 1805 407
8 1794 407
9 1794 708
10 1805 708
11 1809.46 568.464
12 2077.54 571.464
13 2074.54 908.536
14 1806.46 905.536
15 1805 769
16 1794 769
17 1794 1071
18 1805 1071
19 1809.46 922.464
20 2077.54 925.464
21 2074.54 1297.54
22 1804.46 1294.54
23 1803 1150
24 1791 1150
25 1791 1451
26 1803 1451
27 1807.46 1311.46
28 2077.54 1314.46
29 2074.54 1651.54
30 1804.46 1648.54
31 1803 1512
32 1791 1512
33 1791 1813
34 1803 1813
35 1807.46 1665.46
36 2077.54 1668.46
37 2074.54 1898.54
38 1807 1900
39 1807 1912
40 2077.54 1916.46
41 2074.54 2338.54
42 1873.46 2335.54
43 1876.46 2067.46
44 2021 2066
45 2021 2055
46 1719 2055
47 1719 2066
48 1858.54 2070.46
49 1855.54 2338.54
50 1519.46 2335.54
51 1522.46 2067.46
52 1659 2066
53 1659 2055
54 1357 2055
55 1357 2066
56 1504.54 2070.46
57 1501.54 2338.54
58 1130.46 2335.54
59 1133.46 2065.46
60 1278 2064
61 1278 2052
62 977 2052
63 977 2064
64 1116.54 2068.46
65 1113.54 2338.54
66 776.464 2335.54
67 779.464 2065.46
68 916 2064
69 916 2052
70 615 2052
71 615 2064
72 762.536 2068.46
73 759.536 2338.54
74 627.464 2335.54
75 626 2143
76 615 2143
77 610.536 2338.54
78 17.4645 2335.54
79 20.4645 2096.46
80 290.536 2099.46
81 292 2237
82 304 2237
83 304 1935
84 292 1935
85 287.536 2082.54
86 17.4645 2079.54
87 20.4645 1724.46
88 290.536 1727.46
89 292 1875
90 304 1875
91 304 1573
92 292 1573
93 287.536 1709.54
94 17.4645 1706.54
95 20.4645 1343.46
96 290.536 1346.46
97 292 1491
98 304 1491
99 304 1190
100 292 1190
101 287.536 1329.54
102 17.4645 1326.54
103 20.4645 989.464
104 290.536 992.464
105 292 1129
106 304 1129
107 304 828
108 292 828
109 287.536 975.536
110 17.4645 972.536
111 20.4645 600.464
112 293.536 603.464
113 295 748
114 306 748
115 306 447
116 295 447
117 290.536 586.536
118 17.4645 583.536
119 20.4645 246.464
120 293.536 249.464
121 295 386
122 306 386
123 306 85
124 295 85
125 290.536 232.536
126 17.4645 229.536
127 21 16
128 1440 1017
129 1480 1017
130 1480 889
131 1440 889
132 1437 1209
133 1478 1209
134 1478 1081
135 1437 1081
136 1429 772
137 1470 772
138 1470 644
139 1429 644
140 950 445
141 1347 445
142 1347 434
143 950 434
144 1238 1214
145 1278 1214
146 1278 1086
147 1238 1086
148 1235 770
149 1275 770
150 1275 641
151 1235 641
152 1235 996
153 1275 996
154 1275 868
155 1235 868
156 1035 772
157 1076 772
158 1076 644
159 1035 644
160 553 591
161 565 591
162 569.464 451.464
163 823.536 454.464
164 820.536 791.536
165 566.464 788.536
166 565 652
167 553 652
168 553 953
169 565 953
170 569.464 805.464
171 823.536 808.464
172 820.536 1180.54
173 563.464 1177.54
174 562 1033
175 551 1033
176 551 1334
177 562 1334
178 566.464 1194.46
179 823.536 1197.46
180 820.536 1534.54
181 563.464 1531.54
182 562 1395
183 551 1395
184 551 1712
185 748 1712
186 748 1701
187 563.464 1696.54
188 566.464 1548.46
189 823.536 1551.46
190 825 1699
191 836 1699
192 836 439
193 566.464 434.536
194 565 290
195 553 290

[MAP_BORDER]
0
1
2
3
4
5
6
7
8
9
10
11
12
13
14
15
16
17
18
19
20
21
22
23
24
25
26
27
28
29
30
31
32
33
34
35
36
37
38
39
40
41
42
43
44
45
46
47
48
49
50
51
52
53
54
55
56
57
58
59
60
61
62
63
64
65
66
67
68
69
70
71
72
73
74
75
76
77
78
79
80
81
82
83
84
85
86
87
88
89
90
91
92
93
94
95
96
97
98
99
100
101
102
103
104
105
106
107
108
109
110
111
112
113
114
115
116
117
118
119
120
121
122
123
124
125
126
127

[MAP_OBSTACLE]
128
129
130
131

[MAP_OBSTACLE]
132
133
134
135

[MAP_OBSTACLE]
136
137
138
139

[MAP_OBSTACLE]
140
141
142
143

[MAP_OBSTACLE]
144
145
146
147

[MAP_OBSTACLE]
148
149
150
151

[MAP_OBSTACLE]
152
153
154
155

[MAP_OBSTACLE]
156
157
158
159

[MAP_OBSTACLE]
160
161
162
163
164
165
166
167
168
169
170
171
172
173
174
175
176
177
178
179
180
181
182
183
184
185
186
187
188
189
190
191
192
193
194
195

[CITY_POINTS]
0 168 1530
1 171 793
2 168 413
3 169 1158
4 1803 166
5 1620 654
6 986 1160
7 675 166
8 885 1902
9 1515 1905
10 1641 1160
11 1232 166
12 1311 2186
13 1926 1482
14 286 1908
15 195 2294
16 286 80
17 565 1367
18 715 1652
19 666 2125
20 947 2116
21 1379 503
22 1038 563
23 1382 1043
24 1142 1590
25 1716 2102
26 1857 1115
27 1860 1880
28 1821 758
29 1863 449
30 2005 1975
31 2023 2068
32 453 2129.5
33 495 1030
34 528.5 649.5

[MAP_VISIBILITY_GRAPH]
MAP_VERTEX 0
1
2
7
8
131
146
147
137
138
139
149
150
151
158
159
141
142
143
192
193
194
195
123
124
127

[MAP_VISIBILITY_GRAPH]
MAP_VERTEX 1
7
194
123
127
0
2

[MAP_VISIBILITY_GRAPH]
MAP_VERTEX 2
7
194
123
127
0
1
3
6

[MAP_VISIBILITY_GRAPH]
MAP_VERTEX 3
7
2
4
5
6

[MAP_VISIBILITY_GRAPH]
MAP_VERTEX 4
3
5
6

[MAP_VISIBILITY_GRAPH]
MAP_VERTEX 5
6
7
3
4

[MAP_VISIBILITY_GRAPH]
MAP_VERTEX 6
7
2
3
4
5

[MAP_VISIBILITY_GRAPH]
MAP_VERTEX 7
194
123
127
0
1
2
3
5
6
8

[MAP_VISIBILITY_GRAPH]
MAP_VERTEX 8
194
123
127
0
7
9
24
46
52
53
54
60
61
133
134
129
130
131
146
147
153
137
138
139
150
151
158
159
141
142
143
193

[MAP_VISIBILITY_GRAPH]
MAP_VERTEX 9
138
192
140
141
142
8
10
13
15
16
24
46
52
53
54
60
61
62
66
133
134
135
191
129
130
131
154
155
137

[MAP_VISIBILITY_GRAPH]
MAP_VERTEX 10
11
12
13
14
15
16
54
60
61
62
66
133
134
135
145
129
130
131
154
155
137
9

[MAP_VISIBILITY_GRAPH]
MAP_VERTEX 11
12
13
14
15
10

[MAP_VISIBILITY_GRAPH]
MAP_VERTEX 12
11
13
14
15
16
130
10

[MAP_VISIBILITY_GRAPH]
MAP_VERTEX 13
14
15
141
142
9
10
11
12

[MAP_VISIBILITY_GRAPH]
MAP_VERTEX 14
15
10
11
12
13

[MAP_VISIBILITY_GRAPH]
MAP_VERTEX 15
138
140
141
142
9
10
11
12
13
14
16

[MAP_VISIBILITY_GRAPH]
MAP_VERTEX 16
138
141
142
9
10
12
15
17
24
46
52
53
54
60
61
62
66
68
69
133
134
135
145
129
130
131
154
155
137

[MAP_VISIBILITY_GRAPH]
MAP_VERTEX 17
152
153
128
129
130
149
136
137
138
141
142
16
18
21
23
24
46
52
53
54
60
61
62
68
69
70
82
191
133
134
135
147

[MAP_VISIBILITY_GRAPH]
MAP_VERTEX 18
19
20
21
22
23
24
54
60
61
62
68
69
70
82
191
133
134
135
147
17

[MAP_VISIBILITY_GRAPH]
MAP_VERTEX 19
20
21
22
23
18

[MAP_VISIBILITY_GRAPH]
MAP_VERTEX 20
19
21
22
23
24
70
82
191
18

[MAP_VISIBILITY_GRAPH]
MAP_VERTEX 21
22
23
130
17
18
19
20

[MAP_VISIBILITY_GRAPH]
MAP_VERTEX 22
23
18
19
20
21

[MAP_VISIBILITY_GRAPH]
MAP_VERTEX 23
134
152
153
128
129
130
150
136
137
138
141
142
17
18
19
20
21
22
24

[MAP_VISIBILITY_GRAPH]
MAP_VERTEX 24
134
152
153
128
129
130
150
136
137
138
141
142
8
9
16
17
18
20
23
25
46
52
53
54
58
60
61
62
68
69
70
82
191
133

[MAP_VISIBILITY_GRAPH]
MAP_VERTEX 25
144
145
132
133
134
140
148
128
129
130
136
137
138
24
26
29
31
32
46
52
53
54
58
60
61
62
68
69
70
83
84
90
191

[MAP_VISIBILITY_GRAPH]
MAP_VERTEX 26
27
28
29
30
31
32
52
53
54
58
60
61
62
68
69
70
83
84
90
191
25

[MAP_VISIBILITY_GRAPH]
MAP_VERTEX 27
28
29
30
31
26

[MAP_VISIBILITY_GRAPH]
MAP_VERTEX 28
27
29
30
31
32
62
68
69
70
26

[MAP_VISIBILITY_GRAPH]
MAP_VERTEX 29
30
31
144
145
132
25
26
27
28

[MAP_VISIBILITY_GRAPH]
MAP_VERTEX 30
31
26
27
28
29

[MAP_VISIBILITY_GRAPH]
MAP_VERTEX 31
144
145
146
132
133
134
128
129
130
136
137
138
25
26
27
28
29
30
32

[MAP_VISIBILITY_GRAPH]
MAP_VERTEX 32
144
145
146
132
133
134
128
129
130
136
137
138
25
26
28
31
33
46
52
53
54
58
60
61
62
68
69
70
83
84
90
191

[MAP_VISIBILITY_GRAPH]
MAP_VERTEX 33
184
185
186
190
191
144
145
146
157
152
153
132
133
134
129
130
137
138
32
34
37
38
39
46
50
52
53
54
60
61
62
68
69
70
83
84
90

[MAP_VISIBILITY_GRAPH]
MAP_VERTEX 34
35
36
37
38
39
46
50
52
53
54
60
61
62
68
69
70
83
84
90
33

[MAP_VISIBILITY_GRAPH]
MAP_VERTEX 35
36
37
38
34

[MAP_VISIBILITY_GRAPH]
MAP_VERTEX 36
35
37
38
54
34

[MAP_VISIBILITY_GRAPH]
MAP_VERTEX 37
89
90
184
185
186
190
191
33
34
35
36
38

[MAP_VISIBILITY_GRAPH]
MAP_VERTEX 38
89
90
184
185
186
190
191
144
145
146
157
152
153
132
133
134
129
130
137
138
33
34
35
36
37
39
46
50
52
53
54
60
61
62
69
70
83
84

[MAP_VISIBILITY_GRAPH]
MAP_VERTEX 39
89
90
184
185
186
190
191
144
145
146
152
153
132
133
134
129
130
137
138
33
34
38
40
45
46
50
52
53
54
60
61
62
69
70
83
84

[MAP_VISIBILITY_GRAPH]
MAP_VERTEX 40
39
41
44
45
46
52
53
54
60
61
62
69
70
83
84

[MAP_VISIBILITY_GRAPH]
MAP_VERTEX 41
42
43
44
45
40

[MAP_VISIBILITY_GRAPH]
MAP_VERTEX 42
43
44
41

[MAP_VISIBILITY_GRAPH]
MAP_VERTEX 43
44
41
42

[MAP_VISIBILITY_GRAPH]
MAP_VERTEX 44
45
40
41
42
43

[MAP_VISIBILITY_GRAPH]
MAP_VERTEX 45
61
83
89
90
184
185
186
190
191
39
40
41
44
46

[MAP_VISIBILITY_GRAPH]
MAP_VERTEX 46
61
83
89
90
184
185
186
190
191
144
145
146
153
154
149
132
133
134
129
130
137
138
8
9
16
17
24
25
32
33
34
38
39
40
45
47
50
52
53

[MAP_VISIBILITY_GRAPH]
MAP_VERTEX 47
53
184
185
186
190
191
144
145
146
153
154
149
132
133
134
129
130
137
138
46
48
49
50
51
52

[MAP_VISIBILITY_GRAPH]
MAP_VERTEX 48
51
52
47
49
50

[MAP_VISIBILITY_GRAPH]
MAP_VERTEX 49
50
51
52
53
144
145
47
48

[MAP_VISIBILITY_GRAPH]
MAP_VERTEX 50
51
52
33
34
38
39
46
47
48
49

[MAP_VISIBILITY_GRAPH]
MAP_VERTEX 51
52
47
48
49
50

[MAP_VISIBILITY_GRAPH]
MAP_VERTEX 52
53
8
9
16
17
24
25
26
32
33
34
38
39
40
46
47
48
49
50
51

[MAP_VISIBILITY_GRAPH]
MAP_VERTEX 53
61
83
89
90
184
185
186
190
191
192
144
145
146
153
154
149
150
132
133
134
129
130
137
138
8
9
16
17
24
25
26
32
33
34
38
39
40
46
47
49
52
54

[MAP_VISIBILITY_GRAPH]
MAP_VERTEX 54
61
83
89
90
184
185
186
188
190
191
192
140
156
157
158
144
145
146
153
154
149
150
141
142
139
136
131
128
135
132
133
8
9
10
16
17
18
24
25
26
32
33
34
36
38
39
40
53
55
58
60

[MAP_VISIBILITY_GRAPH]
MAP_VERTEX 55
59
60
61
89
90
184
185
186
188
190
191
192
140
156
157
158
144
145
146
153
154
149
150
141
142
54
56
57
58

[MAP_VISIBILITY_GRAPH]
MAP_VERTEX 56
59
60
55
57
58

[MAP_VISIBILITY_GRAPH]
MAP_VERTEX 57
58
59
60
61
55
56

[MAP_VISIBILITY_GRAPH]
MAP_VERTEX 58
59
60
24
25
26
32
54
55
56
57

[MAP_VISIBILITY_GRAPH]
MAP_VERTEX 59
60
55
56
57
58

[MAP_VISIBILITY_GRAPH]
MAP_VERTEX 60
61
141
139
136
131
128
135
132
133
8
9
10
16
17
18
24
25
26
32
33
34
38
39
40
54
55
56
57
58
59

[MAP_VISIBILITY_GRAPH]
MAP_VERTEX 61
83
89
90
184
185
186
188
190
191
192
140
156
157
158
144
145
141
139
136
131
128
135
132
133
8
9
10
16
17
18
24
25
26
32
33
34
38
39
40
45
46
53
54
55
57
60
62

[MAP_VISIBILITY_GRAPH]
MAP_VERTEX 62
83
89
90
91
95
184
185
186
190
191
192
140
159
156
157
151
148
155
152
147
144
145
137
131
128
135
132
133
9
10
16
17
18
24
25
26
28
32
33
34
38
39
40
61
63
66
68
69

[MAP_VISIBILITY_GRAPH]
MAP_VERTEX 63
69
89
90
91
95
184
185
186
190
191
192
140
62
64
65
66
67
68

[MAP_VISIBILITY_GRAPH]
MAP_VERTEX 64
67
68
63
65
66

[MAP_VISIBILITY_GRAPH]
MAP_VERTEX 65
66
67
68
69
185
186
63
64

[MAP_VISIBILITY_GRAPH]
MAP_VERTEX 66
67
68
135
132
133
9
10
16
62
63
64
65

[MAP_VISIBILITY_GRAPH]
MAP_VERTEX 67
68
63
64
65
66

[MAP_VISIBILITY_GRAPH]
MAP_VERTEX 68
69
143
140
159
156
157
151
148
155
152
147
144
145
137
131
128
135
132
133
16
17
18
24
25
26
28
32
33
34
62
63
64
65
66
67

[MAP_VISIBILITY_GRAPH]
MAP_VERTEX 69
83
89
90
91
95
97
98
184
185
186
190
191
192
143
140
159
156
157
151
148
155
152
147
144
145
137
131
128
135
132
133
16
17
18
24
25
26
28
32
33
34
38
39
40
62
63
65
68
70

[MAP_VISIBILITY_GRAPH]
MAP_VERTEX 70
83
89
90
91
97
98
99
105
106
107
113
114
115
121
184
185
189
190
191
136
147
144
145
128
129
135
132
133
17
18
20
24
25
26
28
32
33
34
38
39
40
69
71
77
82

[MAP_VISIBILITY_GRAPH]
MAP_VERTEX 71
83
87
89
90
91
97
98
99
105
106
107
113
114
115
121
122
184
70
72
73
75
76
77
82

[MAP_VISIBILITY_GRAPH]
MAP_VERTEX 72
71
73
74
75
76
82

[MAP_VISIBILITY_GRAPH]
MAP_VERTEX 73
74
75
91
97
98
71
72

[MAP_VISIBILITY_GRAPH]
MAP_VERTEX 74
75
72
73

[MAP_VISIBILITY_GRAPH]
MAP_VERTEX 75
83
87
89
90
91
97
98
99
105
106
107
113
114
115
121
122
184
71
72
73
74
76

[MAP_VISIBILITY_GRAPH]
MAP_VERTEX 76
83
87
89
90
91
97
98
99
105
106
107
113
114
115
121
122
123
184
71
72
75
77
78
82

[MAP_VISIBILITY_GRAPH]
MAP_VERTEX 77
78
81
82
83
89
90
91
97
98
99
105
106
107
113
114
115
122
123
184
70
71
76

[MAP_VISIBILITY_GRAPH]
MAP_VERTEX 78
79
80
81
82
76
77

[MAP_VISIBILITY_GRAPH]
MAP_VERTEX 79
80
81
78

[MAP_VISIBILITY_GRAPH]
MAP_VERTEX 80
79
81
78

[MAP_VISIBILITY_GRAPH]
MAP_VERTEX 81
79
80
82
77
78

[MAP_VISIBILITY_GRAPH]
MAP_VERTEX 82
83
114
195
160
167
168
169
175
176
177
183
184
185
190
191
132
133
17
18
20
24
70
71
72
76
77
78
81

[MAP_VISIBILITY_GRAPH]
MAP_VERTEX 83
87
89
90
114
195
160
167
168
169
175
176
177
183
184
185
190
191
25
26
32
33
34
38
39
40
45
46
53
54
61
62
69
70
71
75
76
77
82
84

[MAP_VISIBILITY_GRAPH]
MAP_VERTEX 84
87
88
89
90
161
167
168
169
175
176
177
183
184
185
190
191
25
26
32
33
34
38
39
40
83
85
86

[MAP_VISIBILITY_GRAPH]
MAP_VERTEX 85
86
87
88
89
84

[MAP_VISIBILITY_GRAPH]
MAP_VERTEX 86
87
88
89
90
184
84
85

[MAP_VISIBILITY_GRAPH]
MAP_VERTEX 87
88
89
71
75
76
83
84
85
86

[MAP_VISIBILITY_GRAPH]
MAP_VERTEX 88
87
89
84
85
86

[MAP_VISIBILITY_GRAPH]
MAP_VERTEX 89
87
88
90
37
38
39
45
46
53
54
55
61
62
63
69
70
71
75
76
77
83
84
85
86

[MAP_VISIBILITY_GRAPH]
MAP_VERTEX 90
91
114
195
160
161
167
168
169
175
176
177
183
184
185
190
191
25
26
32
33
34
37
38
39
45
46
53
54
55
61
62
63
69
70
71
75
76
77
83
84
86
89

[MAP_VISIBILITY_GRAPH]
MAP_VERTEX 91
95
97
98
114
195
160
161
167
168
169
175
176
177
179
183
184
62
63
69
70
71
73
75
76
77
90
92

[MAP_VISIBILITY_GRAPH]
MAP_VERTEX 92
95
96
97
98
195
160
161
167
168
169
175
176
177
179
183
91
93
94

[MAP_VISIBILITY_GRAPH]
MAP_VERTEX 93
94
95
96
97
92

[MAP_VISIBILITY_GRAPH]
MAP_VERTEX 94
95
96
97
98
176
177
179
183
92
93

[MAP_VISIBILITY_GRAPH]
MAP_VERTEX 95
96
97
184
62
63
69
91
92
93
94

[MAP_VISIBILITY_GRAPH]
MAP_VERTEX 96
95
97
92
93
94

[MAP_VISIBILITY_GRAPH]
MAP_VERTEX 97
95
96
98
184
69
70
71
73
75
76
77
91
92
93
94

[MAP_VISIBILITY_GRAPH]
MAP_VERTEX 98
99
114
195
160
161
167
168
169
175
176
177
179
183
184
69
70
71
73
75
76
77
91
92
94
97

[MAP_VISIBILITY_GRAPH]
MAP_VERTEX 99
103
105
106
114
195
160
161
167
168
169
171
175
176
180
182
183
184
70
71
75
76
77
98
100

[MAP_VISIBILITY_GRAPH]
MAP_VERTEX 100
103
104
105
106
195
160
161
167
168
169
171
175
99
101
102

[MAP_VISIBILITY_GRAPH]
MAP_VERTEX 101
102
103
104
105
100

[MAP_VISIBILITY_GRAPH]
MAP_VERTEX 102
103
104
105
106
169
171
175
100
101

[MAP_VISIBILITY_GRAPH]
MAP_VERTEX 103
104
105
176
180
99
100
101
102

[MAP_VISIBILITY_GRAPH]
MAP_VERTEX 104
103
105
100
101
102

[MAP_VISIBILITY_GRAPH]
MAP_VERTEX 105
103
104
106
176
182
183
184
70
71
75
76
77
99
100
101
102

[MAP_VISIBILITY_GRAPH]
MAP_VERTEX 106
107
114
195
160
161
167
168
169
171
175
176
182
183
184
70
71
75
76
77
99
100
102
105

[MAP_VISIBILITY_GRAPH]
MAP_VERTEX 107
111
113
114
195
160
161
163
167
168
172
174
175
176
182
183
184
70
71
75
76
77
106
108

[MAP_VISIBILITY_GRAPH]
MAP_VERTEX 108
111
112
113
114
195
160
161
163
167
107
109
110

[MAP_VISIBILITY_GRAPH]
MAP_VERTEX 109
110
111
112
108

[MAP_VISIBILITY_GRAPH]
MAP_VERTEX 110
111
112
113
114
160
161
163
167
108
109

[MAP_VISIBILITY_GRAPH]
MAP_VERTEX 111
112
113
168
172
174
107
108
109
110

[MAP_VISIBILITY_GRAPH]
MAP_VERTEX 112
111
113
108
109
110

[MAP_VISIBILITY_GRAPH]
MAP_VERTEX 113
111
112
114
168
172
174
175
176
182
183
184
70
71
75
76
77
107
108
110

[MAP_VISIBILITY_GRAPH]
MAP_VERTEX 114
115
195
160
161
163
167
168
172
174
175
176
182
183
184
70
71
75
76
77
82
83
90
91
98
99
106
107
108
110
113

[MAP_VISIBILITY_GRAPH]
MAP_VERTEX 115
119
121
122
195
160
164
166
167
168
174
175
176
182
183
184
70
71
75
76
77
114
116

[MAP_VISIBILITY_GRAPH]
MAP_VERTEX 116
119
120
121
122
195
115
117
118

[MAP_VISIBILITY_GRAPH]
MAP_VERTEX 117
118
119
120
121
116

[MAP_VISIBILITY_GRAPH]
MAP_VERTEX 118
119
120
121
122
195
116
117

[MAP_VISIBILITY_GRAPH]
MAP_VERTEX 119
120
121
160
164
115
116
117
118

[MAP_VISIBILITY_GRAPH]
MAP_VERTEX 120
119
121
116
117
118

[MAP_VISIBILITY_GRAPH]
MAP_VERTEX 121
119
120
122
160
166
167
168
174
175
176
182
183
184
70
71
75
76
115
116
117
118

[MAP_VISIBILITY_GRAPH]
MAP_VERTEX 122
123
195
160
166
167
168
174
175
176
182
183
184
71
75
76
77
115
116
118
121

[MAP_VISIBILITY_GRAPH]
MAP_VERTEX 123
127
0
1
2
7
8
142
143
140
150
151
192
194
195
160
166
167
168
174
175
176
182
183
184
76
77
122
124

[MAP_VISIBILITY_GRAPH]
MAP_VERTEX 124
127
0
123
125
126

[MAP_VISIBILITY_GRAPH]
MAP_VERTEX 125
126
127
124

[MAP_VISIBILITY_GRAPH]
MAP_VERTEX 126
127
124
125

[MAP_VISIBILITY_GRAPH]
MAP_VERTEX 127
0
1
2
7
8
123
124
125
126

[MAP_VISIBILITY_GRAPH]
MAP_VERTEX 128
152
153
154
158
140
148
149
150
141
142
136
131
129
17
23
24
25
31
32
134
135
54
60
61
62
68
69
70
145
146
147

[MAP_VISIBILITY_GRAPH]
MAP_VERTEX 129
130
8
9
10
16
17
23
24
25
31
32
33
38
39
46
47
53
133
134
135
70
191
145
146
147
128

[MAP_VISIBILITY_GRAPH]
MAP_VERTEX 130
154
156
157
148
149
150
136
137
138
8
9
10
12
16
17
21
23
24
25
31
32
33
38
39
46
47
53
129
131

[MAP_VISIBILITY_GRAPH]
MAP_VERTEX 131
154
156
157
148
149
150
141
142
136
137
0
8
9
10
16
130
128
135
54
60
61
62
68
69
145
146
147
153

[MAP_VISIBILITY_GRAPH]
MAP_VERTEX 132
146
152
153
154
148
149
150
141
142
136
135
133
25
29
31
32
33
38
39
46
47
53
54
60
61
62
66
68
69
70
82
191
145

[MAP_VISIBILITY_GRAPH]
MAP_VERTEX 133
134
129
8
9
10
16
17
18
24
25
31
32
33
38
39
46
47
53
54
60
61
62
66
68
69
70
82
191
145
132

[MAP_VISIBILITY_GRAPH]
MAP_VERTEX 134
152
153
154
158
140
148
149
128
129
8
9
10
16
17
18
23
24
25
31
32
33
38
39
46
47
53
133
135

[MAP_VISIBILITY_GRAPH]
MAP_VERTEX 135
152
153
154
148
149
150
141
142
136
131
128
129
9
10
16
17
18
134
132
54
60
61
62
66
68
69
70
191
145
146
147

[MAP_VISIBILITY_GRAPH]
MAP_VERTEX 136
148
149
150
141
142
139
137
17
23
24
25
31
32
130
131
128
135
132
54
60
61
145
146
147
70
191
153
154
155
157

[MAP_VISIBILITY_GRAPH]
MAP_VERTEX 137
138
0
8
9
10
16
17
23
24
25
31
32
33
38
39
46
47
53
130
131
62
68
69
145
146
147
153
154
155
136

[MAP_VISIBILITY_GRAPH]
MAP_VERTEX 138
150
192
140
141
142
0
8
9
15
16
17
23
24
25
31
32
33
38
39
46
47
53
130
137
139

[MAP_VISIBILITY_GRAPH]
MAP_VERTEX 139
150
192
194
140
141
142
0
8
138
136
54
60
61
145
146
147
153
154
155
149

[MAP_VISIBILITY_GRAPH]
MAP_VERTEX 140
192
194
123
143
141
9
15
138
139
150
151
148
128
25
134
154
155
158
159
156
54
55
61
62
63
68
69
191

[MAP_VISIBILITY_GRAPH]
MAP_VERTEX 141
142
0
8
9
13
15
16
17
23
24
138
139
136
131
128
135
132
54
55
60
61
145
146
153
154
149
150
151
157
158
159
140

[MAP_VISIBILITY_GRAPH]
MAP_VERTEX 142
194
123
0
8
9
13
15
16
17
23
24
138
139
136
131
128
135
132
54
55
141
143

[MAP_VISIBILITY_GRAPH]
MAP_VERTEX 143
194
123
0
8
142
140
68
69
191
192
193

[MAP_VISIBILITY_GRAPH]
MAP_VERTEX 144
192
156
157
158
152
147
145
25
29
31
32
33
38
39
46
47
49
53
54
55
61
62
68
69
70
191

[MAP_VISIBILITY_GRAPH]
MAP_VERTEX 145
146
141
139
136
137
131
128
129
10
16
135
132
133
25
29
31
32
33
38
39
46
47
49
53
54
55
61
62
68
69
70
191
144

[MAP_VISIBILITY_GRAPH]
MAP_VERTEX 146
156
157
152
153
154
149
150
141
139
136
137
0
8
131
128
129
135
132
31
32
33
38
39
46
47
53
54
55
145
147

[MAP_VISIBILITY_GRAPH]
MAP_VERTEX 147
156
157
158
152
153
139
136
137
0
8
131
128
129
17
18
135
146
144
62
68
69
70
191

[MAP_VISIBILITY_GRAPH]
MAP_VERTEX 148
158
192
140
151
149
136
130
131
128
25
134
135
132
154
155
62
68
69
191
157

[MAP_VISIBILITY_GRAPH]
MAP_VERTEX 149
150
141
0
139
136
17
130
131
128
134
135
132
46
47
53
54
55
146
154
155
191
157
148

[MAP_VISIBILITY_GRAPH]
MAP_VERTEX 150
192
194
123
140
141
0
8
138
139
136
23
24
130
131
128
135
132
53
54
55
146
149
151

[MAP_VISIBILITY_GRAPH]
MAP_VERTEX 151
192
194
123
140
141
0
8
150
148
62
68
69
191
157
158
159

[MAP_VISIBILITY_GRAPH]
MAP_VERTEX 152
156
157
158
155
153
128
17
23
24
134
135
132
33
38
39
146
147
144
62
68
69
191

[MAP_VISIBILITY_GRAPH]
MAP_VERTEX 153
154
141
139
136
137
8
131
128
17
23
24
134
135
132
33
38
39
46
47
53
54
55
146
147
191
152

[MAP_VISIBILITY_GRAPH]
MAP_VERTEX 154
156
157
158
140
148
149
141
139
136
137
9
10
16
130
131
128
134
135
132
46
47
53
54
55
146
153
155

[MAP_VISIBILITY_GRAPH]
MAP_VERTEX 155
156
157
158
140
148
149
139
136
137
9
10
16
154
152
62
68
69
191

[MAP_VISIBILITY_GRAPH]
MAP_VERTEX 156
192
140
159
157
130
131
154
155
152
146
147
144
54
55
61
62
68
69
191

[MAP_VISIBILITY_GRAPH]
MAP_VERTEX 157
158
141
151
148
149
136
130
131
154
155
152
33
38
146
147
144
54
55
61
62
68
69
191
156

[MAP_VISIBILITY_GRAPH]
MAP_VERTEX 158
192
140
141
0
8
151
148
128
134
154
155
152
147
144
54
55
61
157
159

[MAP_VISIBILITY_GRAPH]
MAP_VERTEX 159
192
140
141
0
8
151
158
156
62
68
69
191

[MAP_VISIBILITY_GRAPH]
MAP_VERTEX 160
115
119
121
122
123
195
161
164
166
167
175
82
83
90
91
92
98
99
100
106
107
108
110
114

[MAP_VISIBILITY_GRAPH]
MAP_VERTEX 161
162
163
164
165
166
167
84
90
91
92
98
99
100
106
107
108
110
114
160

[MAP_VISIBILITY_GRAPH]
MAP_VERTEX 162
163
164
165
166
161

[MAP_VISIBILITY_GRAPH]
MAP_VERTEX 163
162
164
165
166
167
107
108
110
114
161

[MAP_VISIBILITY_GRAPH]
MAP_VERTEX 164
165
166
115
119
160
161
162
163

[MAP_VISIBILITY_GRAPH]
MAP_VERTEX 165
166
161
162
163
164

[MAP_VISIBILITY_GRAPH]
MAP_VERTEX 166
115
121
122
123
160
161
162
163
164
165
167

[MAP_VISIBILITY_GRAPH]
MAP_VERTEX 167
115
121
122
123
160
161
163
166
168
175
82
83
84
90
91
92
98
99
100
106
107
108
110
114

[MAP_VISIBILITY_GRAPH]
MAP_VERTEX 168
107
111
113
114
115
121
122
123
167
169
172
174
175
82
83
84
90
91
92
98
99
100
106

[MAP_VISIBILITY_GRAPH]
MAP_VERTEX 169
170
171
172
173
174
175
82
83
84
90
91
92
98
99
100
102
106
168

[MAP_VISIBILITY_GRAPH]
MAP_VERTEX 170
171
172
173
169

[MAP_VISIBILITY_GRAPH]
MAP_VERTEX 171
170
172
173
174
175
99
100
102
106
169

[MAP_VISIBILITY_GRAPH]
MAP_VERTEX 172
173
174
107
111
113
114
168
169
170
171

[MAP_VISIBILITY_GRAPH]
MAP_VERTEX 173
174
169
170
171
172

[MAP_VISIBILITY_GRAPH]
MAP_VERTEX 174
107
111
113
114
115
121
122
123
168
169
171
172
173
175

[MAP_VISIBILITY_GRAPH]
MAP_VERTEX 175
107
113
114
115
121
122
123
195
160
167
168
169
171
174
176
82
83
84
90
91
92
98
99
100
102
106

[MAP_VISIBILITY_GRAPH]
MAP_VERTEX 176
99
103
105
106
107
113
114
115
121
122
123
175
177
180
182
183
82
83
84
90
91
92
94
98

[MAP_VISIBILITY_GRAPH]
MAP_VERTEX 177
178
179
180
181
182
183
82
83
84
90
91
92
94
98
176

[MAP_VISIBILITY_GRAPH]
MAP_VERTEX 178
179
180
181
182
177

[MAP_VISIBILITY_GRAPH]
MAP_VERTEX 179
178
180
181
182
183
91
92
94
98
177

[MAP_VISIBILITY_GRAPH]
MAP_VERTEX 180
181
182
99
103
176
177
178
179

[MAP_VISIBILITY_GRAPH]
MAP_VERTEX 181
182
177
178
179
180

[MAP_VISIBILITY_GRAPH]
MAP_VERTEX 182
99
105
106
107
113
114
115
121
122
123
176
177
178
179
180
181
183

[MAP_VISIBILITY_GRAPH]
MAP_VERTEX 183
99
105
106
107
113
114
115
121
122
123
176
177
179
182
184
82
83
84
90
91
92
94
98

[MAP_VISIBILITY_GRAPH]
MAP_VERTEX 184
91
95
97
98
99
105
106
107
113
114
115
121
122
123
183
185
33
37
38
39
45
46
47
53
54
55
61
62
63
69
70
71
75
76
77
82
83
84
86
90

[MAP_VISIBILITY_GRAPH]
MAP_VERTEX 185
186
189
190
191
33
37
38
39
45
46
47
53
54
55
61
62
63
65
69
70
82
83
84
90
184

[MAP_VISIBILITY_GRAPH]
MAP_VERTEX 186
187
188
189
190
191
33
37
38
39
45
46
47
53
54
55
61
62
63
65
69
185

[MAP_VISIBILITY_GRAPH]
MAP_VERTEX 187
188
189
190
186

[MAP_VISIBILITY_GRAPH]
MAP_VERTEX 188
189
190
54
55
61
186
187

[MAP_VISIBILITY_GRAPH]
MAP_VERTEX 189
188
190
70
185
186
187

[MAP_VISIBILITY_GRAPH]
MAP_VERTEX 190
187
188
189
191
33
37
38
39
45
46
47
53
54
55
61
62
63
69
70
82
83
84
90
185
186

[MAP_VISIBILITY_GRAPH]
MAP_VERTEX 191
192
143
140
159
156
157
151
148
149
155
152
153
136
147
144
145
129
9
135
132
133
17
18
20
24
25
26
32
33
37
38
39
45
46
47
53
54
55
61
62
63
69
70
82
83
84
90
185
186
190

[MAP_VISIBILITY_GRAPH]
MAP_VERTEX 192
193
194
123
0
143
140
9
138
139
150
151
148
158
159
156
144
53
54
55
61
62
63
69
191

[MAP_VISIBILITY_GRAPH]
MAP_VERTEX 193
194
0
8
143
192

[MAP_VISIBILITY_GRAPH]
MAP_VERTEX 194
123
0
1
2
7
8
142
143
140
139
150
151
192
193
195

[MAP_VISIBILITY_GRAPH]
MAP_VERTEX 195
123
0
194
160
175
82
83
90
91
92
98
99
100
106
107
108
114
115
116
118
122

[MAP_VISIBILITY_GRAPH]
CITY_VERTEX 0
95
96
97
98
91
92
93
94

[MAP_VISIBILITY_GRAPH]
CITY_VERTEX 1
111
112
113
114
107
108
109
110

[MAP_VISIBILITY_GRAPH]
CITY_VERTEX 2
119
120
121
122
115
116
117
118

[MAP_VISIBILITY_GRAPH]
CITY_VERTEX 3
103
104
105
106
99
100
101
102

[MAP_VISIBILITY_GRAPH]
CITY_VERTEX 4
123
127
0
1
2
3
6
7
8
46
52
53
54
60
61
133
134
129
130
131
137
138
139
155
149
150
151
157
158
159
141
142
143
192
193
194
195

[MAP_VISIBILITY_GRAPH]
CITY_VERTEX 5
138
192
140
141
142
8
9
13
15
16
17
23
24
25
31
32
33
46
47
53
54
60
61
133
134
129
130
131
146
147
153
137

[MAP_VISIBILITY_GRAPH]
CITY_VERTEX 6
192
140
159
156
157
151
148
149
155
152
153
128
147
144
25
31
32
33
38
39
46
47
53
54
55
61
62
68
69
191

[MAP_VISIBILITY_GRAPH]
CITY_VERTEX 7
123
127
0
1
2
7
8
142
143
140
148
128
134
154
158
159
156
192
193
194
195
115
116
118
122

[MAP_VISIBILITY_GRAPH]
CITY_VERTEX 8
89
90
91
184
185
186
190
191
192
143
140
159
156
157
151
148
155
152
153
139
147
144
145
128
129
135
132
133
17
18
24
25
26
32
33
34
37
38
39
40
45
46
47
53
54
55
61
62
63
65
69
70
83
84

[MAP_VISIBILITY_GRAPH]
CITY_VERTEX 9
89
90
184
185
186
190
191
192
156
144
145
146
153
154
149
150
141
142
132
133
134
129
130
8
9
10
16
17
18
24
25
26
32
33
34
38
39
45
46
47
53
54
60
61
62
68
69
70
83
84

[MAP_VISIBILITY_GRAPH]
CITY_VERTEX 10
134
128
129
130
136
137
138
8
9
10
16
17
18
20
24
25
31
32
33
38
39
46
47
53
54
60
61
62
68
69
70
82
191
133

[MAP_VISIBILITY_GRAPH]
CITY_VERTEX 11
123
127
0
1
2
3
7
8
9
15
16
17
23
24
138
142
143
192
193
194
195

[MAP_VISIBILITY_GRAPH]
CITY_VERTEX 12
59
60
61
140
156
157
158
144
145
146
154
149
150
141
139
136
131
128
135
132
133
8
9
10
16
54
55
56
57
58

[MAP_VISIBILITY_GRAPH]
CITY_VERTEX 13
25
26
27
28
29
30
31
32
191

[MAP_VISIBILITY_GRAPH]
CITY_VERTEX 14
87
88
89
90
184
185
190
191
25
26
32
33
34
37
38
39
40
45
46
53
54
61
62
63
69
70
71
75
76
77
83
84
85
86

[MAP_VISIBILITY_GRAPH]
CITY_VERTEX 15
79
80
81
82
72
76
77
78

[MAP_VISIBILITY_GRAPH]
CITY_VERTEX 16
127
0
1
2
7
8
123
124
125
126

[MAP_VISIBILITY_GRAPH]
CITY_VERTEX 17
99
103
105
106
107
113
176
177
178
179
180
181
182
183
90
91
92
94
98

[MAP_VISIBILITY_GRAPH]
CITY_VERTEX 18
188
189
190
54
55
61
186
187

[MAP_VISIBILITY_GRAPH]
CITY_VERTEX 19
83
87
89
90
71
72
73
74
75
76
78
82

[MAP_VISIBILITY_GRAPH]
CITY_VERTEX 20
67
68
69
186
190
191
192
143
140
159
156
157
151
148
155
152
147
144
145
137
131
128
62
63
64
65
66

[MAP_VISIBILITY_GRAPH]
CITY_VERTEX 21
192
140
141
142
0
8
9
13
15
16
17
23
138
139
136
131
128
135
132
54
60
61
145
146
153
154
149
150
151
157
158
159

[MAP_VISIBILITY_GRAPH]
CITY_VERTEX 22
192
123
140
141
8
138
139
150
151
148
128
134
154
155
158
159
62
68
69
191

[MAP_VISIBILITY_GRAPH]
CITY_VERTEX 23
152
153
154
148
149
150
141
142
139
136
137
131
128
129
17
23
24
134
135
132
47
53
54
60
61
62
68
69
145
146
147

[MAP_VISIBILITY_GRAPH]
CITY_VERTEX 24
192
140
156
157
158
151
148
155
152
147
144
145
137
131
128
135
132
133
17
18
20
24
25
26
32
33
38
39
45
46
47
53
54
55
61
62
68
69
70
82
83
84
191

[MAP_VISIBILITY_GRAPH]
CITY_VERTEX 25
51
52
53
144
145
146
153
154
149
132
133
134
129
130
137
138
8
9
16
46
47
48
49
50

[MAP_VISIBILITY_GRAPH]
CITY_VERTEX 26
134
152
153
128
129
130
17
18
19
20
21
22
23
24
133

[MAP_VISIBILITY_GRAPH]
CITY_VERTEX 27
89
90
184
185
186
190
191
33
34
35
36
37
38
54
60
61
62
69
70
83
84

[MAP_VISIBILITY_GRAPH]
CITY_VERTEX 28
138
140
141
142
9
10
11
12
13
14
15
16
130
131
154
155
137

[MAP_VISIBILITY_GRAPH]
CITY_VERTEX 29
7
3
4
5
6

[MAP_VISIBILITY_GRAPH]
CITY_VERTEX 30
83
89
90
184
185
186
190
191
39
40
45
46
52
53
54
60
61
62
69
70

[MAP_VISIBILITY_GRAPH]
CITY_VERTEX 31
43
44
45
40
41
42

[MAP_VISIBILITY_GRAPH]
CITY_VERTEX 32
83
89
90
91
97
98
99
106
107
113
114
115
122
123
195
160
167
168
175
176
183
184
185
190
191
145
129
135
132
133
17
18
20
24
25
26
28
70
71
72
75
76
77
82

[MAP_VISIBILITY_GRAPH]
CITY_VERTEX 33
107
113
114
115
121
122
123
195
160
167
168
169
171
174
175
176
182
183
184
82
83
84
90
91
92
98
99
100
102
106

[MAP_VISIBILITY_GRAPH]
CITY_VERTEX 34
115
121
122
123
195
160
161
163
166
167
168
175
176
183
184
82
83
90
91
92
98
99
100
106
107
108
110
114

[CITY_VISIBILITY]
CITY_VERTEX 0

[CITY_VISIBILITY]
CITY_VERTEX 1

[CITY_VISIBILITY]
CITY_VERTEX 2

[CITY_VISIBILITY]
CITY_VERTEX 3

[CITY_VISIBILITY]
CITY_VERTEX 4
5
6
7
9
10
11
12
16
21
25
29

[CITY_VISIBILITY]
CITY_VERTEX 5
4
9
10
11
12
21
22
25
28

[CITY_VISIBILITY]
CITY_VERTEX 6
4
8
9
20
22
23
24
25
27

[CITY_VISIBILITY]
CITY_VERTEX 7
4
11
16
22

[CITY_VISIBILITY]
CITY_VERTEX 8
6
9
10
14
18
20
22
23
24
27
30
32

[CITY_VISIBILITY]
CITY_VERTEX 9
4
5
6
8
10
14
23
24
25
27
30

[CITY_VISIBILITY]
CITY_VERTEX 10
4
5
8
9
12
24
25
26
32

[CITY_VISIBILITY]
CITY_VERTEX 11
4
5
7
16
21
28

[CITY_VISIBILITY]
CITY_VERTEX 12
4
5
10
21
23

[CITY_VISIBILITY]
CITY_VERTEX 13
24

[CITY_VISIBILITY]
CITY_VERTEX 14
8
9
19
24
27
30
32

[CITY_VISIBILITY]
CITY_VERTEX 15

[CITY_VISIBILITY]
CITY_VERTEX 16
4
7
11

[CITY_VISIBILITY]
CITY_VERTEX 17

[CITY_VISIBILITY]
CITY_VERTEX 18
8

[CITY_VISIBILITY]
CITY_VERTEX 19
14
32

[CITY_VISIBILITY]
CITY_VERTEX 20
6
8
22
23
24

[CITY_VISIBILITY]
CITY_VERTEX 21
4
5
11
12
22
23
28

[CITY_VISIBILITY]
CITY_VERTEX 22
5
6
7
8
20
21

[CITY_VISIBILITY]
CITY_VERTEX 23
6
8
9
12
20
21
24
25
26

[CITY_VISIBILITY]
CITY_VERTEX 24
6
8
9
10
13
14
20
23
25
27
32

[CITY_VISIBILITY]
CITY_VERTEX 25
4
5
6
9
10
23
24

[CITY_VISIBILITY]
CITY_VERTEX 26
10
23

[CITY_VISIBILITY]
CITY_VERTEX 27
6
8
9
14
24

[CITY_VISIBILITY]
CITY_VERTEX 28
5
11
21

[CITY_VISIBILITY]
CITY_VERTEX 29
4

[CITY_VISIBILITY]
CITY_VERTEX 30
8
9
14

[CITY_VISIBILITY]
CITY_VERTEX 31

[CITY_VISIBILITY]
CITY_VERTEX 32
8
10
14
19
24
33
34

[CITY_VISIBILITY]
CITY_VERTEX 33
32
34

[CITY_VISIBILITY]
CITY_VERTEX 34
32
33

