[Border]
2071 16
2074.54 408.536
1858 410
1858 421
2077.54 425.464
2074.54 554.536
1806.46 551.536
1805 407
1794 407
1794 708
1805 708
1809.46 568.464
2077.54 571.464
2074.54 908.536
1806.46 905.536
1805 769
1794 769
1794 1071
1805 1071
1809.46 922.464
2077.54 925.464
2074.54 1297.54
1804.46 1294.54
1803 1150
1791 1150
1791 1451
1803 1451
1807.46 1311.46
2077.54 1314.46
2074.54 1651.54
1804.46 1648.54
1803 1512
1791 1512
1791 1813
1803 1813
1807.46 1665.46
2077.54 1668.46
2074.54 1898.54
1807 1900
1807 1912
2077.54 1916.46
2074.54 2338.54
1873.46 2335.54
1876.46 2067.46
2021 2066
2021 2055
1719 2055
1719 2066
1858.54 2070.46
1855.54 2338.54
1519.46 2335.54
1522.46 2067.46
1659 2066
1659 2055
1357 2055
1357 2066
1504.54 2070.46
1501.54 2338.54
1130.46 2335.54
1133.46 2065.46
1278 2064
1278 2052
977 2052
977 2064
1116.54 2068.46
1113.54 2338.54
776.464 2335.54
779.464 2065.46
916 2064
916 2052
615 2052
615 2064
762.536 2068.46
759.536 2338.54
627.464 2335.54
626 2143
615 2143
610.536 2338.54
17.4645 2335.54
20.4645 2096.46
290.536 2099.46
292 2237
304 2237
304 1935
292 1935
287.536 2082.54
17.4645 2079.54
20.4645 1724.46
290.536 1727.46
292 1875
304 1875
304 1573
292 1573
287.536 1709.54
17.4645 1706.54
20.4645 1343.46
290.536 1346.46
292 1491
304 1491
304 1190
292 1190
287.536 1329.54
17.4645 1326.54
20.4645 989.464
290.536 992.464
292 1129
304 1129
304 828
292 828
287.536 975.536
17.4645 972.536
20.4645 600.464
293.536 603.464
295 748
306 748
306 447
295 447
290.536 586.536
17.4645 583.536
20.4645 246.464
293.536 249.464
295 386
306 386
306 85
295 85
290.536 232.536
17.4645 229.536
21 16

[Obstacle]
1440 1017
1480 1017
1480 889
1440 889

[Obstacle]
1437 1209
1478 1209
1478 1081
1437 1081

[Obstacle]
1429 772
1470 772
1470 644
1429 644

[Obstacle]
950 445
1347 445
1347 434
950 434

[Obstacle]
1238 1214
1278 1214
1278 1086
1238 1086

[Obstacle]
1235 770
1275 770
1275 641
1235 641

[Obstacle]
1235 996
1275 996
1275 868
1235 868

[Obstacle]
1035 772
1076 772
1076 644
1035 644

[Obstacle]
553 591
565 591
569.464 451.464
823.536 454.464
820.536 791.536
566.464 788.536
565 652
553 652
553 953
565 953
569.464 805.464
823.536 808.464
820.536 1180.54
563.464 1177.54
562 1033
551 1033
551 1334
562 1334
566.464 1194.46
823.536 1197.46
820.536 1534.54
563.464 1531.54
562 1395
551 1395
551 1712
748 1712
748 1701
563.464 1696.54
566.464 1548.46
823.536 1551.46
825 1699
836 1699
836 439
566.464 434.536
565 290
553 290

