[INFO]
FORMAT=MAP_POINTS
NAME=
VERSION=1.0
COMMENT=Polygon with holes a convex partition
COMMENT=Filtered map by relevance filter from file '' with max relevance 5
COMMENT=Created from file '../data/maps/jh-V-fil_rel5/jh-V-fil_rel5.txt' by program ./tmap_convert version 0.5
COMMENT=Created from file 'maps/jh-V-fil_rel5/jh-V-fil_rel5.txt' by program ../map_tools/tmap_convert version 0.5

[MAP_POINTS]
0 2071 16
1 2074.54 408.536
2 1858 410
3 1858 421
4 2077.54 425.464
5 2074.54 554.536
6 1806.46 551.536
7 1805 407
8 1794 407
9 1794 708
10 1805 708
11 1809.46 568.464
12 2077.54 571.464
13 2074.54 908.536
14 1806.46 905.536
15 1805 769
16 1794 769
17 1794 1071
18 1805 1071
19 1809.46 922.464
20 2077.54 925.464
21 2074.54 1297.54
22 1804.46 1294.54
23 1803 1150
24 1791 1150
25 1791 1451
26 1803 1451
27 1807.46 1311.46
28 2077.54 1314.46
29 2074.54 1651.54
30 1804.46 1648.54
31 1803 1512
32 1791 1512
33 1791 1813
34 1803 1813
35 1807.46 1665.46
36 2077.54 1668.46
37 2074.54 1898.54
38 1807 1900
39 1807 1912
40 2077.54 1916.46
41 2074.54 2338.54
42 1873.46 2335.54
43 1876.46 2067.46
44 2021 2066
45 2021 2055
46 1719 2055
47 1719 2066
48 1858.54 2070.46
49 1855.54 2338.54
50 1519.46 2335.54
51 1522.46 2067.46
52 1659 2066
53 1659 2055
54 1357 2055
55 1357 2066
56 1504.54 2070.46
57 1501.54 2338.54
58 1130.46 2335.54
59 1133.46 2065.46
60 1278 2064
61 1278 2052
62 977 2052
63 977 2064
64 1116.54 2068.46
65 1113.54 2338.54
66 776.464 2335.54
67 779.464 2065.46
68 916 2064
69 916 2052
70 615 2052
71 615 2064
72 762.536 2068.46
73 759.536 2338.54
74 627.464 2335.54
75 626 2143
76 615 2143
77 610.536 2338.54
78 17.4645 2335.54
79 20.4645 2096.46
80 290.536 2099.46
81 292 2237
82 304 2237
83 304 1935
84 292 1935
85 287.536 2082.54
86 17.4645 2079.54
87 20.4645 1724.46
88 290.536 1727.46
89 292 1875
90 304 1875
91 304 1573
92 292 1573
93 287.536 1709.54
94 17.4645 1706.54
95 20.4645 1343.46
96 290.536 1346.46
97 292 1491
98 304 1491
99 304 1190
100 292 1190
101 287.536 1329.54
102 17.4645 1326.54
103 20.4645 989.464
104 290.536 992.464
105 292 1129
106 304 1129
107 304 828
108 292 828
109 287.536 975.536
110 17.4645 972.536
111 20.4645 600.464
112 293.536 603.464
113 295 748
114 306 748
115 306 447
116 295 447
117 290.536 586.536
118 17.4645 583.536
119 20.4645 246.464
120 293.536 249.464
121 295 386
122 306 386
123 306 85
124 295 85
125 290.536 232.536
126 17.4645 229.536
127 21 16
128 1440 1017
129 1480 1017
130 1480 889
131 1440 889
132 1437 1209
133 1478 1209
134 1478 1081
135 1437 1081
136 1429 772
137 1470 772
138 1470 644
139 1429 644
140 950 445
141 1347 445
142 1347 434
143 950 434
144 1238 1214
145 1278 1214
146 1278 1086
147 1238 1086
148 1235 770
149 1275 770
150 1275 641
151 1235 641
152 1235 996
153 1275 996
154 1275 868
155 1235 868
156 1035 772
157 1076 772
158 1076 644
159 1035 644
160 553 591
161 565 591
162 569.464 451.464
163 823.536 454.464
164 820.536 791.536
165 566.464 788.536
166 565 652
167 553 652
168 553 953
169 565 953
170 569.464 805.464
171 823.536 808.464
172 820.536 1180.54
173 563.464 1177.54
174 562 1033
175 551 1033
176 551 1334
177 562 1334
178 566.464 1194.46
179 823.536 1197.46
180 820.536 1534.54
181 563.464 1531.54
182 562 1395
183 551 1395
184 551 1712
185 748 1712
186 748 1701
187 563.464 1696.54
188 566.464 1548.46
189 823.536 1551.46
190 825 1699
191 836 1699
192 836 439
193 566.464 434.536
194 565 290
195 553 290

[MAP_BORDER]
0
1
2
3
4
5
6
7
8
9
10
11
12
13
14
15
16
17
18
19
20
21
22
23
24
25
26
27
28
29
30
31
32
33
34
35
36
37
38
39
40
41
42
43
44
45
46
47
48
49
50
51
52
53
54
55
56
57
58
59
60
61
62
63
64
65
66
67
68
69
70
71
72
73
74
75
76
77
78
79
80
81
82
83
84
85
86
87
88
89
90
91
92
93
94
95
96
97
98
99
100
101
102
103
104
105
106
107
108
109
110
111
112
113
114
115
116
117
118
119
120
121
122
123
124
125
126
127

[MAP_OBSTACLE]
128
129
130
131

[MAP_OBSTACLE]
132
133
134
135

[MAP_OBSTACLE]
136
137
138
139

[MAP_OBSTACLE]
140
141
142
143

[MAP_OBSTACLE]
144
145
146
147

[MAP_OBSTACLE]
148
149
150
151

[MAP_OBSTACLE]
152
153
154
155

[MAP_OBSTACLE]
156
157
158
159

[MAP_OBSTACLE]
160
161
162
163
164
165
166
167
168
169
170
171
172
173
174
175
176
177
178
179
180
181
182
183
184
185
186
187
188
189
190
191
192
193
194
195

