[INFO]
FORMAT=MAP_POINTS_CITY_POINTS
NAME=
VERSION=1.0
COMMENT=Polygon with holes has been re-created from the file '../data/planning/maps/complex2/complex2.map'
COMMENT=Created from file '../data/planning/maps/complex2/complex2.map' by program ./tmap_convert version 0.5
COMMENT=Created from file '../data/maps/complex2/complex2.txt' by program ./tmap_convert version 0.5
COMMENT=Cities appended from the file 'cities4/complex2/Dinf/0/cities.txt'

[MAP_POINTS]
0 0 2000
1 2000 2000
2 2000 1530
3 430 1530
4 430 1460
5 790 1460
6 790 1010
7 880 1010
8 880 1470
9 1650 1470
10 1650 900
11 2000 900
12 2000 0
13 0 0
14 0 300
15 1210 300
16 1210 390
17 940 390
18 940 590
19 860 590
20 860 390
21 470 390
22 470 680
23 0 680
24 1030 1020
25 1060 910
26 1230 850
27 1470 930
28 1350 1070
29 1210 1100
30 1540 290
31 1690 190
32 1900 250
33 1870 380
34 1620 460
35 180 1140
36 300 990
37 460 990
38 470 1130
39 350 1240

[MAP_BORDER]
23
22
21
20
19
18
17
16
15
14
13
12
11
10
9
8
7
6
5
4
3
2
1
0

[MAP_OBSTACLE]
29
28
27
26
25
24

[MAP_OBSTACLE]
34
33
32
31
30

[MAP_OBSTACLE]
39
38
37
36
35

[CITY_POINTS]
0 323.77167388062 1706.3465496765
1 537.2068324094 832.82520664493
2 61.643232651316 1707.458404745
3 234.54390682547 781.5461069512
4 963.00784603766 501.70784293094
5 1654.2595374039 46.948363908183
6 1946.8476455134 359.90791769351
7 1317.8509690139 1233.8108996543

