5773.000 -3135.000
1489.000 -5490.000
1959.000 -2888.000
1959.000 -3636.000
1364.000 -2731.000
1364.000 -3275.000
1457.000 -3763.000
1962.000 -4135.000
2049.000 -5489.000
2059.000 -4529.000
1992.000 -1808.000
2119.000 -1315.000
2455.000 -1220.000
3039.000 -1095.000
3499.000 -1326.000
3716.000 -4560.000
3496.000 -1843.000
3835.000 -1253.000
4395.000 -4914.000
4324.000 -5430.000
4874.000 -5014.000
4899.000 -1235.000
4812.000 -4197.000
5032.000 -1825.000
4894.000 -4530.000
5773.000 -2416.000
6434.000 -2425.000
8194.000 -4607.000
8789.000 -3922.000
5774.000 -3381.000
8794.000 -2358.000
6446.000 -4127.000
7583.000 -1510.000
7119.000 -2550.000
8001.000 -1057.000
6112.000 -2802.000
7005.000 -1804.000
8335.000 -1641.000
7114.000 -3593.000
8431.000 -2569.000
8876.000 -4610.000
8039.000 -2146.000
7519.000 -3514.000
7524.000 -2882.000
8148.000 -4134.000
7451.000 -2367.000
8910.000 -1858.000
9371.000 -4570.000
8370.000 -1139.000
7836.000 -1689.000
7072.000 -3094.000
6130.000 -5062.000
6643.000 -4580.000
6605.000 -1423.000
7142.000 -1176.000
7085.000 -5449.000
8758.000 -1160.000
7859.000 -3286.000
1783.000 -2118.000
1454.000 -2197.000
1071.000 -1306.000
1441.000 -5063.000
1581.000 -4668.000
1628.000 -1785.000
1449.000 -1926.000
1713.000 -1926.000
1666.000 -4415.000
1451.000 -1286.000
2395.000 -5217.000
2444.000 -1541.000
2996.000 -4727.000
3222.000 -4611.000
2851.000 -4597.000
2798.000 -4522.000
2963.000 -4449.000
3152.000 -4493.000
3257.000 -1791.000
3097.000 -1541.000
2771.000 -1836.000
3212.000 -1901.000
2720.000 -1791.000
3904.000 -4246.000
2861.000 -2225.000
4705.000 -2171.000
5264.000 -2077.000
4145.000 -2107.000
3422.000 -4831.000
3803.000 -4835.000
4248.000 -4619.000
4051.000 -4465.000
4536.000 -1794.000
4331.000 -1863.000
4254.000 -1769.000
4562.000 -1896.000
4092.000 -1887.000
4355.000 -4451.000
4537.000 -4491.000
4506.000 -4542.000
4806.000 -5191.000
4915.000 -1988.000
5211.000 -4830.000
6051.000 -4582.000
5692.000 -4492.000
6045.000 -4490.000
5620.000 -4673.000
5520.000 -4503.000
6306.000 -1793.000
5744.000 -1908.000
5608.000 -1880.000
6011.000 -1887.000
6134.000 -5232.000
6175.000 -4710.000
6757.000 -3943.000
6689.000 -2701.000
6623.000 -3756.000
6635.000 -2342.000
7053.000 -5032.000
6977.000 -5028.000
7265.000 -4999.000
7242.000 -1465.000
7598.000 -1037.000
8951.000 -5031.000
8918.000 -1422.000
9057.000 -3554.000
9507.000 -2870.000
9429.000 -2165.000
9235.000 -2176.000
9287.000 -2402.000
9348.000 -3609.000
1540.500 -4982.000
1306.000 -1402.000
2000.500 -4962.500
2411.000 -4934.000
2503.500 -2159.000
2490.000 -4231.000
2889.500 -5190.000
3352.500 -5185.000
3808.000 -5192.500
4310.500 -1207.500
5221.500 -5137.500
5232.500 -1442.500
5312.500 -4203.500
8958.000 -3175.500
6501.000 -3368.000
7183.000 -4114.000
7456.000 -4604.000
5830.000 -3917.000
8394.500 -3543.000
9358.500 -3359.500
5667.000 -5164.750
5682.500 -1192.500
6259.500 -1223.500
6477.000 -1893.000
6709.000 -5135.500
8815.000 -5401.500
9302.500 -5160.000
9297.000 -1204.000
1602.500 -4158.000
1282.000 -4592.000
1309.500 -1775.000
3086.000 -1810.000
2983.500 -4238.500
3896.750 -2063.000
5731.000 -1698.000
7047.500 -1396.000
8719.000 -5029.500
8737.500 -1421.500
9114.000 -2898.500
9275.500 -4143.000
