563.0966450105799 857.679488365554
1664.8431346509578 783.4312898992017
354.9059950604457 518.9354763301575
1022.351873600296 599.4065580098719
1056.178835637728 16.55685896389262
42.17079111197327 301.48301617087367
1825.396411580472 946.4878527425053
1866.0916185999968 229.74768348527562
1206.1840669417702 818.5523902036289
1968.9340810343324 148.58207357178924
1091.1107701746 1577.4212213486758
1895.958600515361 1726.1428926126882
1130.2767736968676 1629.9194559828825
394.1979885259756 1576.5511593849615
642.0756591136554 1567.4879431407223
1173.7927022214408 1957.1950106839804
45.04342001973915 1850.3761737167208
