249.000 302.000
134.000 120.000
281.000 120.000
345.000 330.000
1380.000 1398.000
1845.000 1880.000
1880.000 1327.000
133.000 1122.000
971.000 1005.000
483.000 1268.000
573.000 347.000
1268.000 1383.000
344.000 1691.000
1650.000 1880.000
250.000 780.000
120.000 1476.000
983.000 608.000
863.000 900.000
831.000 405.000
1334.000 1494.000
1147.000 1132.000
1118.000 120.000
1698.000 1583.000
727.000 790.000
120.000 804.000
756.000 1331.000
1210.000 753.000
399.000 1880.000
330.000 1317.000
596.000 879.000
1171.000 1864.000
696.000 606.000
391.000 825.000
1507.000 1689.000
1880.000 1500.000
1384.000 1880.000
1712.000 1484.000
1414.000 309.000
1066.000 462.000
1140.000 1563.000
1166.000 360.000
1609.000 1365.000
1249.000 171.000
277.000 1519.000
1122.000 676.000
588.000 760.000
1865.000 1196.000
1215.000 1221.000
980.000 171.000
1289.000 374.000
372.000 693.000
1504.000 1880.000
537.000 1690.000
195.000 1577.000
503.000 420.000
932.000 1279.000
1625.000 1233.000
1396.000 1658.000
1446.000 1279.000
819.000 616.000
676.000 361.000
464.000 914.000
434.000 1635.000
1622.000 1656.000
981.000 885.000
275.000 1401.000
765.000 954.000
332.000 599.000
485.000 773.000
1311.000 252.000
671.000 703.000
1199.000 1643.000
1200.000 852.000
1509.000 1354.000
633.000 120.000
885.000 1616.000
989.000 1557.000
1880.000 726.000
1880.000 857.000
1556.000 968.000
1652.000 660.000
1583.000 772.000
1727.000 875.000
1415.000 625.000
1743.000 756.000
1628.000 897.000
1607.000 120.000
1847.000 120.000
246.000 1204.000
160.000 244.000
615.000 1346.000
792.000 545.000
667.000 457.000
881.000 563.000
927.000 500.000
1004.000 289.000
1165.000 298.000
1071.000 208.000
1315.000 1563.000
1363.000 1730.000
1403.000 1748.000
1787.000 1819.000
1600.000 1735.000
1646.000 1736.000
1772.000 1737.000
1762.000 1585.000
1731.000 1414.000
256.000 341.000
1026.000 1474.000
1810.000 459.000
809.000 1882.000
804.000 1684.000
1830.000 1174.000
1374.000 1950.000
1512.000 1978.000
1256.000 71.000
369.000 157.000
1221.000 677.000
632.000 1715.000
33.000 831.000
570.000 1867.000
1783.000 44.000
1931.000 1411.000
34.000 1438.000
1749.000 378.000
1370.000 191.000
925.000 1724.000
685.000 129.000
1170.000 399.000
154.000 44.000
1482.000 901.000
1384.000 596.000
717.000 237.000
871.000 162.000
1467.000 580.000
34.000 1103.000
1917.000 1627.000
127.000 702.000
610.000 152.000
1394.000 467.000
548.000 66.000
1104.000 69.000
87.000 709.000
58.000 613.000
941.000 1410.000
788.000 325.000
1923.000 1783.000
732.000 1620.000
962.000 1931.000
506.000 1914.000
94.000 500.000
1683.000 591.000
1525.000 71.000
174.000 1670.000
835.000 1563.000
1841.000 1045.000
436.000 100.000
585.000 308.000
1046.000 1924.000
323.000 53.000
724.000 1935.000
1908.000 838.000
1905.000 1172.000
65.000 177.000
1395.000 46.000
59.000 56.000
1326.000 739.000
1802.000 939.000
1195.000 1459.000
674.000 91.000
1158.000 1962.000
1457.000 335.000
1943.000 1572.000
1718.000 129.000
1970.000 987.000
1886.000 609.000
1514.000 717.000
1957.000 177.000
73.000 390.000
831.000 1914.000
443.000 1944.000
1944.000 1261.000
1834.000 1978.000
1668.000 78.000
477.000 318.000
252.000 1813.000
945.000 62.000
912.000 1387.000
101.000 1654.000
89.000 1938.000
268.000 814.000
1932.000 510.000
65.000 1739.000
80.000 1866.000
1990.000 588.000
1865.000 230.000
547.000 244.000
577.000 1579.000
289.000 577.000
310.000 1401.000
324.000 1529.000
429.000 536.000
560.000 1427.000
494.000 1373.000
464.000 671.000
843.000 1001.000
829.000 1243.000
720.000 1180.000
998.000 794.000
1104.000 598.000
1467.000 1604.000
1420.000 1455.000
1581.000 1397.000
1665.000 1511.000
1613.000 1103.000
1612.000 974.000
111.000 270.000
1282.500 1889.500
1888.000 1694.500
129.500 1306.500
1048.500 791.750
1193.500 958.500
1205.000 1740.500
556.500 1586.000
1493.250 1184.500
202.000 679.500
284.750 1125.250
606.500 465.000
592.000 1413.500
678.500 1030.000
984.250 1119.000
942.000 342.500
1027.000 1244.500
1732.500 1246.500
511.500 1796.000
621.000 1184.000
407.000 1153.000
1517.000 1073.500
394.000 442.000
1218.000 1503.500
337.000 1787.750
897.500 1852.000
1550.500 607.500
1530.500 249.500
1887.500 350.500
1046.000 972.000
1970.000 688.500
1364.500 951.500
1325.000 453.000
1243.000 787.000
1201.750 1095.250
1625.000 441.250
1803.000 651.500
101.000 352.000
903.000 90.500
1708.500 1955.500
48.500 1300.000
605.000 1902.500
129.000 914.000
752.000 84.500
1921.000 1056.000
304.000 1911.000
1130.000 1274.500
1575.375 291.125
1904.000 37.500
990.000 1845.000
1098.000 1654.000
1886.250 216.250
1901.000 489.500
1932.000 353.500
96.500 1581.000
749.500 1382.000
103.000 961.000
152.000 1951.000
1924.500 1914.500
468.500 991.500
374.750 1019.000
524.500 1546.500
623.250 1029.250
633.500 653.500
825.000 705.500
1388.500 1274.500
