2100 1950
172.000 280.000
300.000 2860.000
979.000 1620.000
1680.000 1924.000
320.000 2162.000
799.000 2500.000
1390.000 3220.000
1012.000 2050.000
495.000 1620.000
518.000 3880.000
1402.000 2280.000
912.000 3220.000
1800.000 3282.000
123.000 3834.000
1020.000 568.000
705.000 1220.000
1087.000 120.000
544.000 784.000
3880.000 2457.000
2720.000 3373.000
1040.000 3864.000
3280.000 2417.000
2320.000 3685.000
3880.000 158.000
2450.000 1180.000
3431.000 1371.000
2180.000 2779.000
2810.000 2336.000
3534.000 2100.000
2361.000 1940.000
3880.000 684.000
3880.000 3279.000
2840.000 3802.000
2677.000 2977.000
2320.000 3152.000
2979.000 1120.000
2707.000 1532.000
1424.000 3600.000
3200.000 2859.000
3720.000 2890.000
3380.000 297.000
2140.000 680.000
2060.000 1678.000
3011.000 680.000
2917.000 120.000
1553.000 120.000
3849.000 3680.000
31.000 2715.000
34.000 1592.000
31.000 1930.000
125.000 3370.000
572.000 32.000
701.000 287.000
2174.000 3929.000
1403.000 3947.000
2222.000 2518.000
1970.000 90.000
2178.000 103.000
2656.000 1012.000
3402.000 601.000
3405.000 77.000
111.500 735.000
516.500 3375.500
1776.500 2774.500
138.250 1215.250
1163.000 2804.500
1404.000 1618.500
3877.500 1409.000
1874.500 3666.000
3389.000 3274.000
2854.500 1950.500
3862.000 1843.000
2469.000 674.000
1738.500 557.500
1956.500 949.500
1474.500 1097.000
3394.000 3682.000
1134.500 3620.000
3320.500 1878.500
