1050 1100
133.000 701.000
209.000 763.000
217.000 1517.000
144.000 1444.000
191.000 1865.000
140.000 1980.000
220.000 412.000
118.000 474.000
190.000 1091.000
118.000 1163.000
153.000 2236.000
149.000 130.000
1442.000 429.000
936.000 1134.000
1444.000 116.000
936.000 910.000
1299.000 1292.000
1691.000 1791.000
404.000 855.000
406.000 179.000
933.000 116.000
451.000 1272.000
1095.000 334.000
936.000 1285.000
1338.000 116.000
1099.000 1952.000
404.000 1630.000
1694.000 821.000
453.000 374.000
404.000 1939.000
1936.000 309.000
1691.000 1635.000
769.000 1952.000
474.000 267.000
1627.000 116.000
1245.000 1952.000
504.000 116.000
1580.000 911.000
451.000 1429.000
1478.000 552.000
1135.000 982.000
823.000 1797.000
1731.000 1937.000
404.000 1761.000
551.000 2103.000
1813.000 116.000
918.000 364.000
1447.000 1309.000
599.000 224.000
1694.000 466.000
664.000 310.000
1731.000 368.000
376.000 1518.000
1578.000 1100.000
1078.000 116.000
482.000 2237.000
931.000 1703.000
1377.000 594.000
465.000 965.000
974.000 1954.000
1832.000 332.000
1138.000 1089.000
453.000 762.000
1043.000 872.000
1551.000 625.000
393.000 1179.000
706.000 1812.000
562.000 2002.000
1972.000 215.000
503.000 1764.000
662.000 1050.000
673.000 906.000
721.000 1300.000
721.000 1407.000
660.000 646.000
712.000 552.000
899.000 2164.000
1014.000 2184.000
936.000 569.000
1032.000 545.000
1187.000 576.000
1233.000 2236.000
1362.000 805.000
1697.000 2236.000
1621.000 2167.000
1903.000 1171.000
1975.000 1084.000
1910.000 1412.000
1909.000 806.000
1952.000 1799.000
1975.000 2208.000
472.000 1916.000
1668.000 281.000
1403.000 253.000
1835.000 168.000
1538.000 506.000
793.000 259.000
960.000 292.000
1581.000 183.000
862.000 186.000
1232.000 177.000
1649.000 382.000
1502.000 373.000
1690.000 246.000
1541.000 281.000
991.000 196.000
1058.000 1796.000
1396.000 1752.000
1540.000 1760.000
1588.000 1819.000
1123.000 1524.000
1084.000 1468.000
1236.000 1469.000
1534.000 1437.000
1381.000 1576.000
1014.000 1282.000
1566.000 1372.000
1641.000 1296.000
1072.000 1579.000
1072.000 1754.000
1202.000 1880.000
1609.000 1535.000
1450.000 1618.000
1473.000 1836.000
1308.000 1652.000
1610.000 1646.000
1471.000 1513.000
1032.000 1201.000
982.000 1813.000
1065.000 1366.000
1245.000 1573.000
1157.000 1400.000
291.000 813.000
219.000 864.000
394.000 732.000
186.000 946.000
118.000 932.000
193.000 1586.000
102.000 1657.000
152.000 479.000
109.000 552.000
229.000 1201.000
102.000 1262.000
250.000 2299.000
167.000 2158.000
297.000 2267.000
361.000 2292.000
205.000 2160.000
69.000 2189.000
218.000 96.000
89.000 82.000
107.000 722.000
109.000 668.000
42.000 338.000
60.000 1436.000
86.000 1090.000
333.000 1862.000
219.000 681.000
217.000 316.000
214.000 1411.000
207.000 1060.000
351.000 961.000
393.000 1261.000
357.000 1378.000
373.000 1654.000
356.000 352.000
382.000 203.000
450.000 1492.000
454.000 1201.000
552.000 1005.000
488.000 607.000
485.000 466.000
659.000 559.000
649.000 521.000
453.000 719.000
495.000 831.000
689.000 1261.000
648.000 1254.000
549.000 1357.000
667.000 1444.000
602.000 1519.000
618.000 1399.000
522.000 2223.000
536.000 2259.000
759.000 1036.000
759.000 884.000
764.000 1105.000
702.000 1694.000
824.000 1711.000
756.000 665.000
770.000 698.000
642.000 371.000
654.000 875.000
700.000 2157.000
654.000 2245.000
699.000 2250.000
733.000 89.000
736.000 1256.000
885.000 2287.000
1039.000 2250.000
825.000 2244.000
1041.000 2317.000
813.000 75.000
944.000 531.000
866.000 514.000
881.000 790.000
958.000 642.000
923.000 644.000
900.000 1244.000
895.000 1341.000
913.000 2094.000
1046.000 86.000
1003.000 352.000
1077.000 1978.000
1161.000 485.000
1198.000 681.000
1210.000 1984.000
1214.000 2268.000
1191.000 2161.000
1373.000 845.000
1153.000 828.000
1290.000 815.000
1353.000 971.000
1412.000 826.000
1178.000 868.000
1439.000 2214.000
1425.000 2117.000
1413.000 2277.000
1344.000 709.000
1337.000 1148.000
1422.000 1194.000
1438.000 1035.000
1549.000 945.000
1539.000 87.000
1585.000 2233.000
1597.000 2266.000
1675.000 2083.000
1924.000 1956.000
1777.000 2127.000
1913.000 2168.000
1818.000 1999.000
1960.000 2047.000
2019.000 2008.000
1705.000 85.000
1743.000 1308.000
1847.000 1138.000
1893.000 996.000
1995.000 990.000
1727.000 1681.000
1920.000 628.000
2003.000 627.000
1789.000 751.000
1885.000 630.000
1914.000 1574.000
1998.000 1585.000
1857.000 1626.000
1857.000 1454.000
1857.000 1870.000
1874.000 1746.000
2015.000 1827.000
2065.000 1123.000
1847.000 1410.000
1866.000 486.000
1962.000 462.000
2029.000 463.000
1874.000 820.000
1921.000 84.000
2018.000 2263.000
1915.000 2256.000
2002.000 838.000
2011.000 321.000
1991.000 89.000
2003.000 106.000
109.000 850.500
113.500 1582.500
128.500 351.500
1698.000 666.500
1695.000 1403.000
1568.500 1964.500
666.500 1961.500
1562.500 760.000
401.000 1074.000
1967.500 109.500
924.000 1470.500
1703.500 928.000
401.000 2154.000
1147.500 1193.500
1285.250 544.000
748.500 128.500
1137.000 802.500
398.000 637.500
1564.500 1207.500
1177.500 111.500
768.000 343.500
1695.000 1207.500
398.000 512.000
600.000 1801.500
1192.500 340.500
1456.500 1944.500
1315.500 343.000
1699.500 1044.500
928.000 1593.500
964.000 793.500
1359.500 1966.500
1700.000 1532.000
607.500 107.000
927.250 1026.000
391.500 2038.750
1190.000 1288.000
865.500 1959.000
1701.500 562.000
1358.000 2244.000
1290.000 2138.500
1328.500 1045.000
1975.500 1489.500
1979.000 714.500
1092.000 163.500
969.000 1045.500
1369.500 1464.500
1343.000 1778.500
1208.000 1682.500
234.000 1609.000
75.500 1984.500
195.500 1802.000
93.500 1814.250
240.000 487.000
199.500 1256.500
70.000 2234.000
375.250 81.000
111.500 160.500
188.500 194.500
60.500 1042.500
232.500 1987.500
487.500 1589.500
534.500 1050.000
784.250 1441.750
633.000 1414.500
640.500 1094.000
640.250 1635.750
764.500 1645.750
736.000 519.000
650.500 716.500
878.500 2125.000
1023.000 2093.500
1151.000 630.500
1316.500 76.500
1575.000 2164.500
1782.750 2241.250
1732.000 2037.000
1982.250 2161.250
1961.000 1025.500
1984.500 1733.500
1992.000 1222.500
1870.000 1207.000
1995.000 1385.500
1982.500 294.000
