3050 2700
189.000 4289.000
925.000 4297.000
112.000 3783.000
1029.000 3553.000
431.000 4292.000
469.000 3546.000
774.000 3549.000
1169.000 4242.000
172.000 3545.000
113.000 4024.000
668.000 4294.000
423.000 3307.000
800.000 1436.000
2036.000 2747.000
837.000 553.000
2794.000 2796.000
760.000 1923.000
1940.000 379.000
1162.000 2690.000
1137.000 1094.000
3718.000 3398.000
3575.000 3723.000
1370.000 396.000
1215.000 882.000
3273.000 2956.000
691.000 2938.000
2163.000 393.000
3700.000 2849.000
2693.000 3310.000
1695.000 2724.000
3149.000 3312.000
837.000 2308.000
678.000 1049.000
846.000 2601.000
2032.000 3305.000
3880.000 3681.000
885.000 1752.000
2256.000 2761.000
1492.000 123.000
2485.000 3309.000
1602.000 3188.000
619.000 775.000
1300.000 652.000
3519.000 3356.000
1484.000 2887.000
2232.000 3327.000
2994.000 2757.000
2466.000 2774.000
880.000 2870.000
603.000 2510.000
3714.000 3160.000
1025.000 1273.000
1369.000 2703.000
630.000 562.000
1105.000 581.000
3485.000 2981.000
1770.000 3305.000
2076.000 191.000
2902.000 3311.000
818.000 1221.000
469.000 2941.000
2311.000 3781.000
1372.000 3552.000
1778.000 3552.000
1876.000 4302.000
1348.000 3793.000
1503.000 4302.000
2313.000 4043.000
1347.000 4116.000
1979.000 3552.000
1572.000 3552.000
2557.000 4160.000
3031.000 3931.000
2804.000 3554.000
3031.000 3701.000
2554.000 3951.000
3001.000 3486.000
485.000 3887.000
624.000 4233.000
379.000 4008.000
815.000 3992.000
222.000 3755.000
988.000 3803.000
972.000 4216.000
650.000 2850.000
371.000 2777.000
870.000 1065.000
1807.000 3959.000
2117.000 4154.000
1457.000 3914.000
2048.000 3699.000
1715.000 3852.000
1967.000 3926.000
2035.000 2973.000
2665.000 3083.000
2998.000 2922.000
3047.000 2983.000
2414.000 3160.000
1739.000 2883.000
1818.000 3024.000
2250.000 2868.000
2863.000 3090.000
2205.000 3006.000
2498.000 2971.000
2796.000 3718.000
2763.000 3913.000
3404.000 3245.000
616.000 3356.000
794.000 3269.000
1477.000 3286.000
1260.000 3292.000
916.000 3310.000
740.000 1800.000
957.000 1941.000
928.000 1643.000
1421.000 4318.000
2250.000 423.000
2650.000 3526.000
2557.000 4235.000
3238.000 2863.000
1113.000 3865.500
1847.000 163.000
3581.500 4063.000
301.750 2563.500
1587.000 358.000
301.500 2835.500
3873.000 3900.500
737.500 2135.500
2214.500 4305.000
2208.500 3553.000
3034.000 4214.500
2543.000 3668.500
2801.000 4311.000
3530.000 4574.500
712.500 3851.500
954.000 911.500
1720.000 4204.500
2875.000 4110.500
303.750 3207.250
2202.000 292.000
3611.000 4211.000
