[Border]
3980.4 4087.7
3832.2 4087.2
3825.9 4102.5
3672.9 4104.7
3672.9 4648.2
3340.8 4698.4
3480.7 4443.5
3475.2 3412.9
3071.5 3412.9
3071.5 3454.2
3131.5 3458.2
3131.5 4406.5
2460.6 4410.5
2450.1 3458
2933.5 3454.2
2933.5 3412.9
2337.2 3409.9
2338.5 3456.9
2409.6 3462.3
2417.3 4404
1251.8 4402.2
1247.8 4318.2
1207.5 4318.2
1203.6 4400.6
16.2 4388.2
12 3447.4
336.7 3445.9
338.2 3404.1
202.7 3400.1
203.7 2372
619.5 2411.5
721 1195.6
604.5 1182.1
457.8 496.7
726.7 441.2
1224.8 494.9
1411 14.2
2350.7 123.5
2436.5 512.8
1484.1 450.4
1138.8 1380.2
1021 1373.6
915.4 2574.7
2896 2703.7
2908.5 2643.3
3251.2 2697.7
3244.3 2852.6
3565 2891.6
3583.2 2732.4
3811.7 2765
3820.7 3567
3979 3565.6
3984.3 4083.7

[Obstacle]
2211.7 3426.9
2211.7 3406.9
454.7 3403.3
453.9 3446.6
1206.3 3456.1
1207.5 4180.2
1247.8 4180.2
1251.8 3452.1
2210.5 3453.8

[Obstacle]
963 2912.3
980.1 2947.8
888.7 3036.5
321.5 3043.7
320.2 3202.2
826.3 3226.6
837 3257.1
1511.6 3261.1
1482.3 3043.7
1397.6 2938.2
1225.1 2854.3
963 2892.3

