0.000 176.000
534.000 0.000
341.000 217.000
23.000 1954.000
475.000 1604.000
917.000 1036.000
435.000 1913.000
1306.000 538.000
477.000 1432.000
1778.000 650.000
1671.000 1056.000
1403.000 1878.000
884.000 1743.000
564.000 1255.000
1773.000 1647.000
1011.000 545.000
1111.000 825.000
708.000 718.000
288.000 1144.000
1310.000 1615.000
1524.000 665.000
893.000 1434.000
379.000 793.000
1758.000 237.000
178.000 1537.000
195.000 687.000
336.000 2050.000
473.000 411.000
766.000 364.000
840.000 138.000
1911.000 2005.000
1966.000 0.000
2000.000 1183.000
2000.000 1673.000
2000.000 516.000
1965.000 911.000
-18.000 1896.000
-34.000 1498.000
-31.000 1098.000
-24.000 944.000
202.000 486.000
731.000 2076.000
1284.000 2076.000
1141.000 1788.000
742.000 40.000
1301.000 -23.000
1353.000 320.000
1645.000 1948.000
1995.000 1859.000
1200.000 1193.500
1339.500 135.500
523.000 904.500
1120.000 305.500
