[Border]
7827.060314 -699.808559
7823.879125 -769.485499
7641.386332 -770.264439
7639.244167 -705.54412
7466.386821 -704.720784
7464.274202 -768.548461
7405.113793 -770.83512
7404.942574 -1639.768854
6982.692414 -1640.11544
6977.291955 -1680
6721.666667 -1680
6721.666667 -1655
6884.779024 -1655
6885.110609 -1212.340328
6919.094036 -1208.629062
6920.468994 -1314.387758
7071.98346 -1315.3045
7077.881608 -1343.662723
6920.423183 -1339.192375
6919.784939 -1569.147061
7029.341534 -1570.44737
7030.335193 -1426.428571
7060 -1426.428571
7060 -1569.245792
7184.3419 -1570.394313
7185.33355 -1426.666667
7210 -1426.666667
7210 -1569.184288
7324.586588 -1570.430825
7325.213501 -1334.736563
7199.312097 -1346.493519
7165 -1330.689638
7165 -1305.579449
7329.675345 -1304.698572
7330.165528 -1005.702644
7196.465716 -1004.640977
7194.17944 -945.4905
7001.489284 -944.749249
6999.201617 -1003.935743
6915.809468 -1005.574032
6914.580218 -1118.571429
6885 -1118.571429
6885 -1005.754208
6761.464639 -1004.613136
6759.17737 -945.436943
6541.488204 -944.777194
6539.201617 -1003.935743
6455.151878 -1005.58695
6454.923287 -1654.402831
6611.981587 -1655.295496
6616.952312 -1679.194677
6319.93321 -1690.280566
6261.428571 -1676.353344
6261.428571 -1650
6414.84675 -1650
6415.077228 -1005.816552
6301.463382 -1004.580597
6299.177009 -945.427604
6076.384803 -944.781752
6074.263404 -1008.874698
5995.153027 -1010.623749
5994.9227 -1654.384452
6147.681307 -1655.308723
6151.437789 -1689.706176
5817.368368 -1690.146143
5813.605246 -1655.687887
5954.846877 -1654.643736
5955.077239 -1010.784528
5836.579627 -1009.598683
5834.102396 -955.436715
5616.608156 -954.777557
5614.136807 -1008.81093
5540.150706 -1010.665603
5539.923859 -1664.436478
5706.978155 -1665.278997
5711.172954 -1685.447534
5675.278174 -1692.796306
5490.66512 -1688.588197
5489.666082 -1833.386746
5541.611633 -1835.762603
5547.44999 -1854.157635
5430.811072 -1855.426499
5429.569936 -1969.516659
5631.282036 -1970.254755
5625.610848 -1836.341356
5673.440724 -1834.153739
5675.762603 -1783.388367
5693.302377 -1777.821459
5695.851411 -1833.553316
5752.440753 -1835.740599
5756.595365 -1864.047778
5655.545371 -1865.493119
5654.716478 -2039.517195
5853.783135 -2040.245611
5855.657364 -1965.479362
6054.074125 -1964.753324
6055.489639 -1865.788655
5937.725162 -1864.610146
5933.676507 -1892.195397
5913.595875 -1896.371912
5906.705447 -1865
5847.667944 -1865
5843.316384 -1835.350926
6124.271676 -1834.822781
6125.380526 -1964.482339
6309.3833 -1965.267724
6310.3045 -1813.01654
6334.642102 -1807.95463
6335.177333 -2082.688417
6285 -2087.295302
6285 -2139.466876
6107.319855 -2140.267421
6102.853399 -2091.619628
5849.977316 -2068.792941
5650 -2085
5613.682333 -2085
5606.317667 -2110
5575.233866 -2097.555437
5374.048583 -2093.774635
5351.430514 -2035.620665
5386.074571 -2021.270627
5391.934521 -1690.873347
5282.992587 -1689.580333
5277.979501 -1665.477479
5484.849147 -1664.756566
5485.076053 -1010.81654
5371.363661 -1009.579512
5369.242012 -945.478994
5172.511449 -944.759126
5167.515153 -990
5080.146515 -990
5079.926279 -1663.91861
5160.230141 -1682.3847
4884.682176 -1667.836317
5049.855027 -1663.520523
5050.073277 -985.784489
4931.277163 -984.595656
4929.295315 -915.457288
4721.385309 -914.766455
4719.255234 -979.121542
4615.146359 -980.475051
4614.926133 -1654.364933
4761.98545 -1655.314071
4767.31657 -1680.946028
4429.971826 -1655.634772
4579.853594 -1654.667417
4580.073784 -980.889099
4476.275557 -979.539629
4474.294742 -910.437298
4256.384964 -909.776881
4254.255234 -974.121542
4150.146359 -975.475051
4149.926121 -1649.402847
4306.981587 -1650.295496
4311.172954 -1670.447534
4275.278174 -1677.796306
4090.643705 -1673.587709
4089.676881 -1823.38724
4142.083225 -1825.784172
4146.945748 -1849.163121
4030.779484 -1850.426843
4029.587597 -1969.528125
4234.213831 -1970.24122
4235.304108 -1861.293433
4214.02349 -1827.065649
4268.313482 -1824.080766
4270.852374 -1777.902589
4292.55673 -1773.38836
4297.295302 -1825
4371.920128 -1825
4376.929868 -1849.08677
4270.517278 -1850.470229
4269.731809 -2034.492767
4458.613894 -2035.257623
4460.757599 -1970.490742
4654.187044 -1969.746647
4655.426016 -1855.855443
4547.399008 -1854.573288
4543.840125 -1887.161367
4523.22047 -1891.449992
4517.159812 -1855.787675
4464.688369 -1833.109853
4718.397864 -1828.4288
4737.397758 -2047.01046
4707.960948 -2082.118022
4469.131441 -2086.524533
4461.317667 -2060
4268.682333 -2060
4260.881795 -2086.479605
4000.303301 -2064.267767
3980 -2055.857864
3993.423327 -2030.091007
3995.790181 -1680.987183
3902.596559 -1679.513624
3898.333151 -1650.465168
4109.853563 -1649.762339
4110.073756 -975.975855
4016.460099 -974.495654
4014.177009 -915.427604
3791.488017 -914.782051
3789.194405 -974.122333
3685.148533 -975.475023
3684.92514 -1639.024127
3777.403441 -1640.486376
3781.683616 -1669.649074
3501.428571 -1670.175903
3501.428571 -1640
3649.851307 -1640
3650.07486 -975.975873
3556.460099 -974.495654
3554.176332 -915.410076
3321.487665 -914.791157
3319.201617 -973.935743
3235.148496 -975.587017
3234.925032 -1639.344104
3376.987571 -1640.324265
3382.058527 -1664.705358
3047.689331 -1665.14572
3043.362726 -1635.666676
3189.850311 -1634.655984
3190.075425 -975.975882
3096.460099 -974.495654
3094.176332 -915.410076
2862.314275 -914.793356
2857.704698 -965
2765.147596 -965
2764.925571 -1634.402844
2921.981587 -1635.295496
2926.161893 -1655.394356
2900.265988 -1662.731862
2710.664893 -1658.621089
2709.666082 -1803.386746
2762.083225 -1805.784172
2766.952733 -1829.196703
2645.779659 -1830.409323
2644.587384 -1949.549385
2861.643616 -1950.237819
2854.630558 -1811.712451
2888.325329 -1808.865286
2890.852374 -1762.902589
2912.55673 -1758.38836
2917.295302 -1810
2991.920128 -1810
2996.938155 -1834.12661
2885.517368 -1835.449045
2884.731755 -2019.505312
3078.614108 -2020.251149
3080.758359 -1955.467795
3284.186911 -1954.758873
3285.42675 -1840.788026
3167.395343 -1839.606846
3163.888051 -1871.722511
3148.260011 -1876.682659
3142.02595 -1840
3086.428571 -1840
3086.428571 -1810
3343.458714 -1810
3362.397758 -2032.01046
3336.266957 -2063.175139
3085.233866 -2052.555437
2885.149805 -2062.967675
2629.669028 -2065.919028
2600 -2036.25
2617.53398 -2020.183137
2621.234726 -1665.865041
2512.605676 -1664.575741
2508.331599 -1635.454597
2724.852481 -1634.767862
2725.074304 -965.975864
2632.250144 -964.508146
2627.704698 -915
2401.597982 -915
2399.12637 -969.039125
2305.149627 -970.525067
2304.924592 -1628.974057
2392.407108 -1630.511361
2396.683616 -1659.649074
2117.693412 -1660.173525
2113.356613 -1630.625023
2269.850303 -1629.678154
2270.07544 -970.930482
2171.576102 -969.521624
2169.101561 -915.418448
1942.736457 -914.790167
1937.291955 -955
1840.147596 -955
1839.925583 -1624.364929
1987.682383 -1625.318569
1991.432264 -1659.655582
1707.371099 -1660.171151
1703.633756 -1625.948945
1804.85257 -1624.501189
1805.074377 -955.754895
1681.464639 -954.613136
1679.180945 -895.529433
1504.249304 -894.741272
1495.857864 -915
1479.142136 -915
1470.857864 -895
1296.597982 -895
1294.107973 -949.441361
1125.595078 -950.291236
1124.695121 -1108.632512
1060.446898 -1110.75905
1059.772115 -1323.511599
1119.67088 -1325.826797
1120.166943 -1618.488021
1590.067599 -1648.031202
1345 -1670
1330.224442 -1657.501651
1120.686899 -1653.738838
1119.648921 -1794.145447
1228.333333 -1795.435404
1228.333333 -1820
1120.783755 -1820
1119.620843 -1936.205972
1145 -1943.682333
1145 -2004.466876
1325.777607 -2005.281377
1307.005441 -1813.138177
1325 -1784.195695
1325 -1748.079872
1348.321035 -1743.229395
1350.898439 -1799.581552
1578.333333 -1800.212802
1578.333333 -1825
1410.519285 -1825
1409.730692 -2009.754376
1809.480183 -2010.124523
1810.267 -1825.786427
1690.935236 -1824.592234
1689.54177 -1922.015434
1668.340884 -1926.424947
1658.213266 -1800.518646
1833.423063 -1799.729231
1838.043223 -2038.155381
1150.635933 -2050.64456
1040.423529 -2057.228924
1039.775451 -2280.788732
2125 -2250
2233.711246 -2250
2235.692038 -2319.101537
5623.869408 -2304.971984
5625.548952 -4035.661591
2219.99823 -4070.292488
2064.639698 -4069.352488
2085 -4014.921698
2085 -3998.294553
2115 -3991.705447
2115 -3932.295302
2063.38836 -3927.55673
2068.079872 -3905
2109.931857 -3905
2110.034239 -2445.110807
1215.068146 -2444.944147
1214.965838 -3903.797206
1830.303301 -3930.732233
1810 -3939.142136
1810 -4025.857864
1830 -4034.142136
1830 -4064.865324
1095.388101 -4065.067921
1094.800293 -4314.864355
1815.062076 -4315.065715
1807.583792 -4549.463789
1637.708 -4550.272923
1645.27619 -4525.730438
1666.007414 -4419.360776
1672.097809 -4524.237238
1789.492185 -4525.412043
1790.262241 -4335.245617
1390.519817 -4334.875477
1389.732276 -4519.3833
1541.98346 -4520.3045
1547.029153 -4544.564128
1322.275501 -4545.215666
1317.527268 -4596.932531
1300 -4591.369592
1300 -4549.142136
1280 -4540.857864
1280 -4524.142136
1300 -4515.857864
1300 -4340.481768
1100.534242 -4339.751891
1099.726537 -4519.020987
1193.571429 -4520.504844
1193.571429 -4550
1100.63459 -4550
1099.669516 -4699.52841
1300.762929 -4700.229195
1311.27505 -4674.85069
1332.048772 -4700
1523.571429 -4700
1523.571429 -4730
1095.325149 -4730
1094.837724 -5027.313928
1055 -5032.708045
1055 -5242.02595
1090 -5247.97405
1090 -5424.216245
1209.438937 -5425.411511
1210.289966 -5594.153055
1317.562227 -5595.426252
1322.484847 -5640
1572.704698 -5640
1577.295302 -5590
1704.420551 -5590
1705.285877 -5428.231763
1735 -5421.705447
1735 -4731.024617
1647.592892 -4729.488639
1643.313808 -4700.33338
1938.571429 -4699.832916
1938.571429 -4730
1760.142344 -4730
1759.928331 -5424.110928
1864.552188 -5425.471132
1865.231653 -5639.699616
2189.550208 -5640.153227
2208.677907 -5430.052612
2210.662167 -4725.619086
2058.01654 -4724.6955
2053.006661 -4700.608063
2212.332236 -4699.702511
2217.708045 -4660
2262.291955 -4660
2267.708045 -4700
2378.333333 -4700
2378.333333 -4725
2260.141338 -4725
2259.92899 -5423.620071
2324.562866 -5425.759374
2325.226406 -5644.699608
2649.550208 -5645.153227
2650.225392 -5432.274608
2700 -5427.704698
2700 -4730.459629
2493.032436 -4729.771928
2488.070132 -4705.91323
2595.896742 -4704.511387
2575 -4345
2575 -4328.682333
2598.5577 -4321.742549
2603.401359 -4298.454297
2865 -4320
3064.845082 -4307.06753
3314.855654 -4304.072651
3347.533606 -4328.435662
3325 -4347.048772
3325 -4550.57771
3064.864133 -4531.484844
3122.96055 -4529.23931
3126.107224 -4492
3145 -4492
3145 -4534.216245
3264.212149 -4535.409241
3265.412403 -4415.471875
3061.281889 -4414.760507
3059.29628 -4345.490949
2865.520371 -4344.745521
2864.733287 -4529.146448
2973.333333 -4530.435404
2973.333333 -4555
2901.597982 -4555
2899.185949 -4607.736493
2866.529948 -4611.302794
2864.225977 -4551.694502
2817.902589 -4549.147626
2813.841508 -4529.621999
2835 -4520.857864
2835 -4415.470438
2630.853247 -4414.759013
2629.554971 -4524.144332
2738.571429 -4525.43823
2738.571429 -4555
2680.63459 -4555
2679.669833 -4704.479306
2860.753387 -4705.25223
2870.460953 -4681.816094
2905.475967 -4712.903567
2901.920128 -4730
2730.141338 -4730
2729.929058 -5428.398773
2784.55354 -5430.897158
2785.231681 -5644.708374
3119.539877 -5645.148656
3120.228395 -5437.935236
3155 -5432.02595
3155 -4735.701329
3022.616592 -4734.650115
3018.306228 -4705.28173
3367.311565 -4704.860381
3371.651248 -4734.428534
3200.141249 -4735.293525
3199.929271 -5432.698204
3250 -5437.295302
3250 -5644.694702
3569.550201 -5645.155611
3570.227571 -5431.587573
3624.857937 -5429.088919
3625.071727 -4735.701899
3493.007747 -4734.653221
3487.65104 -4708.898243
3765.049244 -4734.149029
3655.142204 -4735.453497
3654.928767 -5427.698158
3705 -5432.295302
3705 -5644.708069
4039.550223 -5645.14867
4040.225392 -5432.274608
4090 -5427.704698
4090 -4730.481768
3893.030169 -4729.761024
3888.089198 -4706.004902
3985.896273 -4704.458396
3965 -4345
3965 -4328.682333
3988.5577 -4321.742549
3993.401359 -4298.454297
4255 -4320
4454.845082 -4307.06753
4704.855654 -4304.072651
4737.533606 -4328.435662
4715 -4347.048772
4715 -4550.57771
4454.864133 -4531.484844
4512.96055 -4529.23931
4516.107224 -4492
4535 -4492
4535 -4534.216245
4654.212149 -4535.409241
4655.412403 -4415.471875
4451.281889 -4414.760507
4449.29628 -4345.490949
4255.520371 -4344.745521
4254.733287 -4529.146448
4363.333333 -4530.435404
4363.333333 -4555
4291.597982 -4555
4289.185949 -4607.736493
4256.529948 -4611.302794
4254.225977 -4551.694502
4207.902589 -4549.147626
4203.841508 -4529.621999
4225 -4520.857864
4225 -4415.470438
4020.853247 -4414.759013
4019.554971 -4524.144332
4128.571429 -4525.43823
4128.571429 -4555
4070.63459 -4555
4069.669833 -4704.479306
4250.753387 -4705.25223
4260.460953 -4681.816094
4295.475967 -4712.903567
4291.920128 -4730
4120.141338 -4730
4119.929058 -5428.398773
4174.55354 -5430.897158
4175.231681 -5644.708374
4509.539877 -5645.148656
4510.228395 -5437.935236
4545 -5432.02595
4545 -4735.701329
4412.616592 -4734.650115
4408.308696 -4705.29855
4737.310353 -4704.852126
4741.640429 -4734.354822
4590.141237 -4735.332616
4589.929271 -5432.698204
4640 -5437.295302
4640 -5644.703745
4969.539869 -5645.1509
4970.232874 -5436.587331
5024.857937 -5434.088919
5025.071769 -4740.5635
4857.321553 -4739.717471
4853.564755 -4705.317116
5162.630374 -4704.842338
5166.370938 -4739.094036
5060.142197 -4740.475105
5059.928826 -5432.507292
5105 -5437.484847
5105 -5644.708069
5439.529044 -5645.148642
5440.235391 -5442.458851
5485 -5437.515153
5485 -4740.470438
5282.326651 -4739.764148
5278.629062 -4705.905964
5385.483794 -4704.516756
5370 -4360
5370 -4329.142136
5389.599227 -4308.380716
5591.861823 -4287.005441
5620.804305 -4305
5650.857864 -4305
5659.142136 -4325
5849.891128 -4306.901214
6326.082564 -4304.036727
6300.579576 -4580.023646
6299.699758 -4415.54629
6125.679665 -4414.717416
6124.634838 -4556.050482
5844.880233 -4531.381543
5907.955944 -4529.293814
5911.13539 -4491.666667
5935 -4491.666667
5935 -4534.245792
6059.144955 -4535.392494
6060.449712 -4425.461124
5851.282049 -4424.766112
5849.297006 -4355.516284
5665.548997 -4354.731987
5664.718625 -4529.066572
5763.333333 -4530.477081
5763.333333 -4555
5691.597982 -4555
5689.158651 -4608.333333
5665 -4608.333333
5665 -4556.737058
5617.255436 -4554.112045
5614.026514 -4524.545367
5635 -4515.857864
5635 -4425.449306
5420.932688 -4424.770352
5419.510824 -4524.178966
5533.571429 -4525.419782
5533.571429 -4555
5480.61508 -4555
5479.672448 -4710.793415
5667.171049 -4691.761068
5701.076455 -4714.487783
5697.332056 -4740
5515.141338 -4740
5514.929058 -5438.398773
5569.532685 -5440.896204
5570.242913 -5644.699631
5894.517672 -5645.153181
5895.244257 -5446.58681
5949.860901 -5444.088784
5950.070223 -4735.678095
5813.010167 -4734.664857
5807.957392 -4710.371179
6073.333333 -4709.814794
6073.333333 -4735
5980.139368 -4735
5979.930015 -5443.517703
6039.521236 -5445.821013
6040.248948 -5644.695061
6359.517663 -5645.155564
6360.244684 -5446.470135
6419.859904 -5444.165897
6420.070794 -4740.430195
6196.666667 -4739.782569
6196.666667 -4715
6292.951228 -4715
6314.715131 -4711.922206
6588.333333 -4716.528299
6588.333333 -4740
6450.140346 -4740
6449.929825 -5442.507403
6495 -5447.484847
6495 -5644.685089
6804.529002 -5645.160578
6805.239493 -5441.281889
6874.223205 -5439.304474
6875.400446 -5321.666667
6900 -5321.666667
6900 -5436.705447
6930 -5443.294553
6930 -5639.680052
7234.517635 -5640.163181
7235.245374 -5441.28172
7304.681176 -5439.291346
7305.163026 -5135.580321
7143.020178 -5134.712991
7139.224752 -5116.464629
7179.476247 -5106.086902
7304.607037 -5111.998167
7305.198102 -4860.817867
7190.617673 -4859.571397
7189.693118 -5012.377097
7160.625023 -5016.643387
7159.682371 -4860.846616
7050.5654 -4859.551526
7049.71901 -5027.373297
7020.571466 -5031.651248
7019.710034 -4860.846945
6910.405091 -4859.549623
6909.793258 -5099.364075
7057.378524 -5100.316608
7061.539496 -5128.667117
6991.453459 -5130.67613
6989.201617 -5188.935743
6907.292901 -5190.544889
6903.802287 -5222.507843
6875.204108 -5226.705165
6874.89726 -4740.56262
6707.626703 -4739.71901
6703.319245 -4710.370421
6968.513234 -4709.814417
6970.828277 -4769.70916
7300.095974 -4752.605755
8932.889007 -4761.614795
8937.484847 -4720
9192.332056 -4720
9196.651248 -4749.428534
9025.202847 -4750.293214
9024.898383 -5232.65869
8992.207559 -5236.228794
8988.804542 -5195.955787
8896.460099 -5194.495654
8894.246525 -5137.226124
8843.38836 -5132.55673
8848.079872 -5110
8989.596059 -5110
8990.206092 -4870.89082
8885.58196 -4869.530612
8884.709249 -5032.679345
8850.586969 -5036.405775
8849.701365 -4870.846842
8740.61779 -4869.552147
8739.685892 -5023.571429
8710 -5023.571429
8710 -4870.815712
8595.389275 -4869.568912
8594.797562 -5121.02475
8721.171058 -5103.235586
8755.333973 -5137.094204
8595.317548 -5141.512948
8594.838105 -5443.706606
8664.424302 -5445.70129
8665.281632 -5605.97452
8685 -5614.142136
8685 -5664.596059
8922.264687 -5665.201386
8927.708045 -5625
8964.45228 -5625
8965.270412 -5453.23516
8995 -5446.705447
8995 -5328.079872
9019.227695 -5323.040821
9020.389299 -5448.799051
9094.455403 -5450.655729
9095.273099 -5622.328933
9135 -5627.708045
9135 -5669.604054
9378.392863 -5670.200174
9380.787675 -5617.840188
9415 -5612.02595
9415 -5442.97405
9450 -5437.02595
9450 -4750.655379
9307.619954 -4749.673027
9303.330117 -4720.444497
9524.967082 -4719.772783
9525.016495 -1690.430038
9302.328872 -1689.784489
9298.596163 -1655.604712
9459.8503 -1654.688199
9460.07544 -995.930482
9361.461039 -994.519978
9359.17737 -935.436943
9141.488204 -934.777194
9139.194405 -994.122333
9035.631565 -995.468743
9034.685929 -1141.98545
9010.647403 -1146.985157
9009.67273 -995.969514
8916.460099 -994.495654
8914.179917 -935.502826
8726.489534 -934.742796
8724.189344 -994.25328
8600.309439 -995.397534
8599.842148 -1309.40237
8756.981587 -1310.295496
8760.823118 -1328.765528
8725.523753 -1338.913098
8600.417578 -1333.002995
8599.78929 -1569.214136
8719.341788 -1570.410538
8720.324265 -1428.012429
8744.330955 -1423.019344
8745.339665 -1569.219644
8864.341788 -1570.410538
8865.326973 -1427.619954
8894.333324 -1423.362726
8895.33921 -1569.15364
9004.586536 -1570.450278
9005.215594 -1333.949335
8883.339444 -1352.815694
8845 -1330.204993
8845 -1310.563138
9013.925733 -1309.711181
9033.034905 -1229.873786
9036.005933 -1654.408984
9192.680297 -1655.299467
9196.42872 -1689.623137
8937.312498 -1690.187296
8932.704698 -1640
8520.113957 -1640
8519.942782 -771.287114
8451.269221 -769.318589
8449.297812 -700.544375
8276.29677 -699.720355
8274.29628 -769.509051
8081.295963 -770.251495
8079.293079 -700.379269

[Obstacle]
2391.317667 -4290
2398.314496 -4313.751343
2425 -4317.667944
2425 -4346.317667
2400.759389 -4353.458627
2398.394867 -4405.156352
2085.763618 -4404.691106
2083.633168 -4340.324706
1933.014843 -4339.352597
1938.079872 -4315
2081.136214 -4315
2089.14784 -4290

[Obstacle]
2405.732988 -1955
2421.322128 -2011.405508
2440 -2019.142136
2440 -2037.332056
2415.143857 -2040.980163
2109.696646 -2061.338706
2100.993635 -2040.327779
1963.024157 -2039.307817
1968.01455 -2015.314071
2113.737183 -2014.37356
2117.286864 -1955

[Obstacle]
3795.29232 -4303.01545
3815 -4329.142136
3815 -4346.317667
3790.705219 -4353.474585
3788.512958 -4410.192738
3535.761293 -4409.620854
3533.643451 -4345.635375
3458.448282 -4343.750394
3462.667944 -4315
3525.317397 -4315
3535.705377 -4298.547712

[Obstacle]
3788.923418 -1970
3821.942333 -2044.307667
3790.330972 -2075.919028
3534.850195 -2072.967675
3473.179245 -2058.562156
3477.939157 -2035.67656
3538.852586 -2033.660399
3542.162803 -1970

[Obstacle]
5174.025925 -1980.367351
5207.146941 -2058.219824
5182.747273 -2090.946942
4924.850195 -2087.967675
4843.112518 -2073.882978
4847.963062 -2050.561622
4923.906652 -2048.882585
4927.060314 -1979.808559

[Obstacle]
5185.29232 -4303.01545
5205 -4329.142136
5205 -4346.317667
5180.705219 -4353.474585
5178.512958 -4410.192738
4925.761293 -4409.620854
4923.643451 -4345.635375
4848.448282 -4343.750394
4852.667944 -4315
4915.317397 -4315
4925.705377 -4298.547712

[Obstacle]
6285.176657 -2346.027722
6284.651204 -2625.550796
6194.669645 -2623.969577
6195.652235 -2344.454536

[Obstacle]
6285.289044 -2871.029697
6284.434103 -3040.546981
6194.480305 -3038.96625
6196.0173 -2869.460951

[Obstacle]
6285.306797 -3391.030009
6284.400161 -3550.546385
6194.451672 -3548.965747
6196.071861 -3389.46191

[Obstacle]
6285.179834 -3766.027778
6284.645013 -4040.550687
6194.664089 -4038.96948
6195.663048 -3764.454726

[Obstacle]
6970.046478 -1975.261458
6969.907547 -3050.588118
6885.603518 -3048.931915
6883.86218 -2970.170434
6594.865223 -2969.663689
6595.264876 -2599.994881
6621.445531 -2945.192832
6875.105015 -2944.618894
6874.792073 -2468.953623
6614.845082 -2472.06753
6594.28527 -2481.771473
6596.042728 -2436.302541
6875.146706 -2441.425709
6874.716106 -2094.804539
6620 -2095.380868
6620 -2308.333333
6594.722078 -2308.333333
6595.551996 -1974.867242

[Obstacle]
6965.049105 -3401.080906
6964.902183 -4415.135035
6593.878354 -4414.733917
6597.178894 -4039.843103
6615.367291 -4300.18793
6880.124664 -4299.632842
6879.752711 -3897.931951
6594.641888 -3904.291519
6596.004902 -3818.089198
6618.676507 -3822.804603
6622.700826 -3850.22404
6835.129426 -3849.550284
6834.745018 -3464.768203
6621.645671 -3465.444086
6616.789561 -3710.332935
6595.178571 -3435
6876.772311 -3435
6883.682855 -3399.482418

[Obstacle]
7375.407307 -2820.981129
7374.211091 -2940.514958
7279.295324 -2939.014169
7281.364315 -2819.49414

[Obstacle]
7370.463527 -3506.032763
7369.104824 -3610.541195
7279.212079 -3608.961537
7281.520769 -3504.469799

[Obstacle]
7370.569608 -3876.034627
7368.909494 -3960.537762
7279.061732 -3958.958895
7281.794551 -3874.47461

[Obstacle]
7362.332056 -4255
7366.293273 -4281.989498
7398.05137 -4288.964746
7387.373607 -4384.289261
7279.235509 -4370.819679
7281.403127 -4255

[Obstacle]
7405.60967 -2025.789856
7403.858412 -2105
7372.97405 -2105
7366.935923 -2140.529738
7284.271329 -2138.905743
7286.41067 -2024.596992

[Obstacle]
7375.538754 -2441.034085
7373.965915 -2530.538754
7284.104579 -2528.959648
7286.717213 -2439.473251

[Obstacle]
7780.570608 -4285.983712
7778.910035 -4370.510198
7684.060064 -4369.010449
7686.793699 -4284.500929

[Obstacle]
7780.602994 -2021.091788
7778.845871 -2100.567261
7694.016507 -2098.900737
7696.880285 -2019.447005

[Obstacle]
7775.788832 -1061.311366
7773.494332 -1120.674633
7703.778873 -1118.676243
7707.325792 -1059.348876

[Obstacle]
7775.788832 -1546.311366
7773.494332 -1605.674633
7703.778873 -1603.676243
7707.325792 -1544.348876

[Obstacle]
8225.570608 -4285.983712
8223.910035 -4370.510198
8129.060064 -4369.010449
8131.793699 -4284.500929

[Obstacle]
8230.604245 -2021.035236
8228.846547 -2100.536656
8139.014441 -2098.958064
8141.879236 -2019.476098

[Obstacle]
8225.733161 -1056.229087
8223.601426 -1120.634321
8148.847386 -1118.760398
8152.194749 -1054.385637

[Obstacle]
8220.788832 -1546.311366
8218.494332 -1605.674633
8148.778873 -1603.676243
8152.325792 -1544.348876

[Obstacle]
8640.393392 -2020.757842
8639.241265 -2145.490067
8540 -2144.070597
8540 -2107.97405
8504.60982 -2101.95964
8519.310904 -2019.639427

[Obstacle]
8630 -4256.024617
8630 -4374.855924
8534.52738 -4387.860713
8510 -4363.333333
8510 -4282.667944
8536.529003 -4278.774313
8544.302088 -4254.518674

[Obstacle]
8640.511893 -2440.982783
8639.017217 -2535.511893
8544.142237 -2534.011748
8546.645594 -2439.498587

[Obstacle]
8640.424646 -2825.981404
8639.178691 -2940.514446
8544.269307 -2939.013757
8546.412581 -2824.494903

[Obstacle]
8635.463527 -3506.032763
8634.104824 -3610.541195
8544.212079 -3608.961537
8546.520769 -3504.469799

[Obstacle]
8630.568499 -3876.09111
8628.90889 -3960.568499
8544.063583 -3958.901662
8546.795498 -3874.44534

[Obstacle]
9024.514391 -3391.070401
9025.91877 -3489.256568
9090.934519 -3491.408511
9088.305498 -3539.225977
9029.845883 -3541.485549
9030.305592 -3860.203362
9275.155688 -3859.603673
9274.695803 -3540.763774
9209.146721 -3538.594178
9211.617923 -3484.564018
9320.697382 -3485.858663
9318.60694 -4142.795197
9263.785187 -4125.265937
9268.230171 -4111.261033
9295.246078 -4107.29594
9294.504821 -3914.604182
9171.853949 -3915.737084
9165.019656 -4300.344913
9309.300855 -4299.349445
9311.291801 -4229.893705
9330.719135 -4420.12891
8939.904818 -4419.748361
8940.189284 -3389.413785

[Obstacle]
9325.255487 -1975.258298
9324.49859 -2172.015522
9300.561622 -2167.036938
9298.849795 -2089.610232
9173.519954 -2090.767879
9177.934955 -2265.305191
9174.794841 -2296.134283
9175.471766 -2490.380918
9305.24142 -2489.271127
9304.529562 -2285
9261.666667 -2285
9261.666667 -2260
9305.364745 -2260
9314.736068 -2244.836881
9330.258238 -2940.480311
9225 -2939.11186
9225 -2892.295302
9275.144115 -2887.691466
9274.712003 -2549.79237
9034.855567 -2550.40431
9035.282701 -2894.235515
9100.853279 -2896.405822
9098.435043 -2949.277956
9035.533028 -2951.359936
9033.965915 -3040.538754
8944.908087 -3038.973767
8945.183098 -1974.868604

