250 250
27.437613296613026 304.0622194413116
98.04006393234059 110.04269359808772
102.05771799146895 286.8807703504084
80.13423221899538 277.8782086863669
30.297392146686633 193.14161795603957
19.089184962452514 198.89510901691614
58.7428341884593 247.41810738506123
104.98719768233966 229.88147668992332
59.05513984294957 153.03937741101907
108.18637413382135 188.27750741492545
121.57240286899815 172.6565051474701
196.50918029143503 98.49695422003464
18.63524507938997 75.08225357883748
120.94572433798291 16.044515917072097
77.87081684484019 79.57437868146991
112.0872250696 341.53308189286963
145.81060162758405 270.460143635813
147.26700828739618 125.9775865526172
204.45863414899785 250.3171060622634
126.33498495379838 227.4147235558645
185.91932127955903 131.97478643472164
174.65285418464532 19.42117554861233
252.35844071680162 18.100450114964016
86.08109013539858 294.0149363481405
78.33663289172073 402.03364384050934
233.2075146322867 375.9981123859316
297.68478013680397 238.368733997098
199.76050171521942 306.69406667978524
21.110815856000897 477.36297260317605
152.11294129003923 295.2246268762167
158.4558360045451 377.57398807320453
147.54388665148218 328.9745822232703
274.199420355739 422.810868798318
165.65180856919616 484.37149271427296
116.23315849801672 478.26536949477907
238.64944984603403 335.4568570344875
220.39425609494864 483.64905629695414
63.3339310870727 414.601624090104
157.42210895184945 391.0880112658714
243.62396091675691 215.86241798023065
284.9987962150308 336.50048615507245
240.36436241735498 281.8005370210489
385.0500205703314 482.74947264176177
349.2024204882281 418.7109280368332
309.41447061349254 455.22152774512966
340.7604925734706 361.96275194043494
359.4995942025544 408.19873170413405
413.7872623215219 332.95033765503786
475.9373275990467 284.07329938179146
379.71011514571956 216.6820335552742
395.102415341245 281.08545153682417
482.3730754451725 414.613785999612
406.8070870282941 406.6406745133238
471.79774526619866 391.3507833831861
368.46562206808323 338.63702140517256
327.59246198109537 304.2106443670652
369.56243251157866 205.1155185003368
365.41473343738454 299.28188772841395
226.560793620419 145.7618097586688
286.1583753153451 223.17657077274674
278.79877762907824 160.5079610157057
204.28767787124696 200.22383392076264
408.90726851104483 34.233155939628475
351.2115848688581 29.156465725616712
272.28670512555834 116.07962940494978
303.42707950902604 155.66258472546465
337.61895309616204 241.27230609055368
444.3018374524454 207.73700006380506
477.809645690315 60.091057925146174
483.43269458904126 240.9172333699635
390.7126469397732 137.0782266207625
452.70464421873606 128.70531144271754
468.6057095651651 176.39856469263287
417.7065063390603 94.24129078680167
324.0173271510281 129.2601551226626
253.4770997860858 127.76655706943804
