[INFO]
FORMAT=MAP_POINTS
NAME=tspnn/m3/rds-dinf-i0-depot0/m3-cell.txt
VERSION=1.0
COMMENT=Load from simple-txt file 'old_maps/src/m3.txt'
COMMENT=Collinear points has been removed by the 'tmap_convert.cc' ver. 0.5
COMMENT=Created from file 'old_maps/src/m3.txt' by program ./tmap_convert version 0.5
COMMENT=Created from file 'src/m3-rds-dinf-i0-depot0/map.txt' by program ../map_tools/tmap_convert version 0.5
COMMENT=Convex partition created by map_partition.cc
COMMENT=visibility graphs created by tvisibility.cc

[MAP_POINTS]
0 10 10
1 10 490
2 490 490
3 490 10
4 239.473684 344.736842
5 239.473684 365.789474
6 281.578947 365.789474
7 281.578947 344.736842
8 260.526316 323.684211
9 260.526316 344.736842
10 450 155.263158
11 450 134.210526
12 407.894737 134.210526
13 428.947368 155.263158
14 176.315789 197.368421
15 155.263158 218.421053
16 176.315789 218.421053
17 92.105263 407.894737
18 134.210526 407.894737
19 155.263158 386.842105
20 134.210526 386.842105
21 113.157895 365.789474
22 92.105263 386.842105
23 113.157895 386.842105
24 50 50
25 50 71.052632
26 71.052632 71.052632
27 71.052632 50
28 92.105263 134.210526
29 71.052632 134.210526
30 71.052632 155.263158
31 50 155.263158
32 50 176.315789
33 92.105263 176.315789
34 218.421053 71.052632
35 218.421053 113.157895
36 197.368421 113.157895
37 197.368421 155.263158
38 218.421053 155.263158
39 218.421053 134.210526
40 239.473684 113.157895
41 239.473684 92.105263
42 50 197.368421
43 50 239.473684
44 92.105263 239.473684
45 71.052632 218.421053
46 92.105263 218.421053
47 92.105263 197.368421
48 218.421053 302.631579
49 218.421053 344.736842
50 239.473684 323.684211
51 239.473684 281.578947
52 386.842105 134.210526
53 407.894737 113.157895
54 407.894737 92.105263
55 386.842105 71.052632
56 365.789474 92.105263
57 386.842105 92.105263
58 365.789474 113.157895
59 386.842105 113.157895
60 365.789474 134.210526
61 302.631579 71.052632
62 281.578947 92.105263
63 281.578947 113.157895
64 344.736842 113.157895
65 344.736842 92.105263
66 365.789474 71.052632
67 365.789474 50
68 323.684211 92.105263
69 302.631579 92.105263
70 197.368421 323.684211
71 197.368421 281.578947
72 176.315789 281.578947
73 176.315789 302.631579
74 155.263158 302.631579
75 155.263158 323.684211
76 176.315789 92.105263
77 197.368421 92.105263
78 197.368421 50
79 176.315789 50
80 302.631579 239.473684
81 281.578947 239.473684
82 302.631579 260.526316
83 323.684211 260.526316
84 323.684211 239.473684
85 344.736842 218.421053
86 365.789474 218.421053
87 344.736842 197.368421
88 323.684211 197.368421
89 323.684211 218.421053
90 302.631579 197.368421
91 386.842105 281.578947
92 365.789474 281.578947
93 365.789474 302.631579
94 344.736842 302.631579
95 344.736842 323.684211
96 365.789474 323.684211
97 386.842105 302.631579
98 260.526316 281.578947
99 281.578947 281.578947
100 281.578947 260.526316
101 260.526316 260.526316
102 260.526316 50
103 239.473684 50
104 239.473684 71.052632
105 260.526316 92.105263
106 281.578947 71.052632
107 260.526316 71.052632
108 450 71.052632
109 428.947368 71.052632
110 450 50
111 407.894737 50
112 407.894737 71.052632
113 428.947368 92.105263
114 176.315789 365.789474
115 218.421053 365.789474
116 197.368421 344.736842
117 134.210526 344.736842
118 134.210526 365.789474
119 155.263158 365.789474
120 176.315789 386.842105
121 197.368421 386.842105
122 197.368421 428.947368
123 197.368421 450
124 260.526316 450
125 260.526316 428.947368
126 134.210526 197.368421
127 113.157895 176.315789
128 113.157895 197.368421
129 134.210526 218.421053
130 176.315789 176.315789
131 176.315789 155.263158
132 155.263158 176.315789
133 134.210526 176.315789
134 134.210526 239.473684
135 113.157895 218.421053
136 113.157895 260.526316
137 92.105263 260.526316
138 113.157895 281.578947
139 155.263158 281.578947
140 134.210526 260.526316
141 260.526316 218.421053
142 239.473684 239.473684
143 260.526316 239.473684
144 281.578947 218.421053
145 407.894737 281.578947
146 450 281.578947
147 450 260.526316
148 407.894737 260.526316
149 407.894737 239.473684
150 386.842105 239.473684
151 386.842105 260.526316
152 197.368421 197.368421
153 197.368421 239.473684
154 218.421053 239.473684
155 239.473684 218.421053
156 218.421053 218.421053
157 407.894737 302.631579
158 428.947368 323.684211
159 450 323.684211
160 450 302.631579
161 323.684211 450
162 365.789474 450
163 365.789474 428.947368
164 344.736842 428.947368
165 344.736842 407.894737
166 323.684211 407.894737
167 71.052632 428.947368
168 50 450
169 134.210526 450
170 134.210526 428.947368
171 218.421053 260.526316
172 197.368421 260.526316
173 218.421053 281.578947
174 155.263158 71.052632
175 155.263158 50
176 92.105263 50
177 92.105263 71.052632
178 344.736842 344.736842
179 344.736842 386.842105
180 365.789474 365.789474
181 365.789474 344.736842
182 71.052632 113.157895
183 92.105263 113.157895
184 92.105263 92.105263
185 50 92.105263
186 50 134.210526
187 407.894737 365.789474
188 407.894737 323.684211
189 386.842105 323.684211
190 386.842105 344.736842
191 407.894737 176.315789
192 407.894737 155.263158
193 386.842105 176.315789
194 386.842105 197.368421
195 407.894737 197.368421
196 407.894737 218.421053
197 450 218.421053
198 428.947368 197.368421
199 450 197.368421
200 450 176.315789
201 155.263158 92.105263
202 113.157895 92.105263
203 113.157895 155.263158
204 134.210526 155.263158
205 134.210526 113.157895
206 155.263158 113.157895
207 155.263158 155.263158
208 176.315789 134.210526
209 176.315789 113.157895
210 365.789474 197.368421
211 365.789474 176.315789
212 386.842105 155.263158
213 365.789474 155.263158
214 344.736842 134.210526
215 344.736842 155.263158
216 323.684211 155.263158
217 323.684211 176.315789
218 344.736842 176.315789
219 302.631579 281.578947
220 281.578947 302.631579
221 260.526316 302.631579
222 323.684211 365.789474
223 323.684211 323.684211
224 302.631579 323.684211
225 302.631579 302.631579
226 323.684211 302.631579
227 344.736842 281.578947
228 281.578947 197.368421
229 302.631579 176.315789
230 302.631579 155.263158
231 323.684211 134.210526
232 281.578947 134.210526
233 260.526316 113.157895
234 260.526316 134.210526
235 239.473684 134.210526
236 260.526316 155.263158
237 281.578947 155.263158
238 302.631579 365.789474
239 281.578947 386.842105
240 260.526316 386.842105
241 281.578947 407.894737
242 260.526316 407.894737
243 281.578947 428.947368
244 281.578947 450
245 302.631579 450
246 302.631579 407.894737
247 323.684211 386.842105
248 302.631579 386.842105
249 239.473684 407.894737
250 239.473684 386.842105
251 218.421053 386.842105
252 197.368421 407.894737
253 365.789474 260.526316
254 365.789474 239.473684
255 344.736842 239.473684
256 344.736842 260.526316
257 50 323.684211
258 71.052632 323.684211
259 71.052632 302.631579
260 92.105263 281.578947
261 71.052632 281.578947
262 71.052632 260.526316
263 50 260.526316
264 450 344.736842
265 428.947368 344.736842
266 428.947368 365.789474
267 407.894737 386.842105
268 428.947368 386.842105
269 428.947368 407.894737
270 450 386.842105
271 386.842105 450
272 407.894737 428.947368
273 407.894737 450
274 450 450
275 450 407.894737
276 428.947368 428.947368
277 407.894737 407.894737
278 386.842105 407.894737
279 386.842105 365.789474
280 365.789474 386.842105
281 365.789474 407.894737
282 386.842105 428.947368
283 155.263158 239.473684
284 155.263158 260.526316
285 176.315789 260.526316
286 176.315789 239.473684
287 50 344.736842
288 50 407.894737
289 71.052632 407.894737
290 71.052632 365.789474
291 92.105263 365.789474
292 113.157895 344.736842
293 197.368421 176.315789
294 218.421053 197.368421
295 260.526316 197.368421
296 260.526316 176.315789
297 428.947368 113.157895
298 450 113.157895
299 450 92.105263
300 176.315789 407.894737
301 155.263158 407.894737
302 155.263158 450
303 176.315789 450
304 134.210526 302.631579
305 92.105263 302.631579
306 92.105263 323.684211
307 134.210526 323.684211

[MAP_BORDER]
3
2
1
0

[MAP_OBSTACLE]
4
5
6
7
8
9

[MAP_OBSTACLE]
10
11
12
13

[MAP_OBSTACLE]
14
15
16

[MAP_OBSTACLE]
17
18
19
20
21
22
23

[MAP_OBSTACLE]
24
25
26
27

[MAP_OBSTACLE]
28
29
30
31
32
33

[MAP_OBSTACLE]
34
35
36
37
38
39
40
41

[MAP_OBSTACLE]
42
43
44
45
46
47

[MAP_OBSTACLE]
48
49
50
51

[MAP_OBSTACLE]
52
53
54
55
56
57
58
59
60

[MAP_OBSTACLE]
61
62
63
64
65
66
67
68
69

[MAP_OBSTACLE]
70
71
72
73
74
75

[MAP_OBSTACLE]
76
77
78
79

[MAP_OBSTACLE]
80
81
82
83
84
85
86
87
88
89
90

[MAP_OBSTACLE]
91
92
93
94
95
96
97

[MAP_OBSTACLE]
98
99
100
101

[MAP_OBSTACLE]
102
103
104
105
106
107

[MAP_OBSTACLE]
108
109
110
111
112
113

[MAP_OBSTACLE]
114
115
116
117
118
119
120
121

[MAP_OBSTACLE]
122
123
124
125

[MAP_OBSTACLE]
126
127
128
129
130
131
132
133

[MAP_OBSTACLE]
134
135
136
137
138
139
140

[MAP_OBSTACLE]
141
142
143
144

[MAP_OBSTACLE]
145
146
147
148
149
150
151

[MAP_OBSTACLE]
152
153
154
155
156

[MAP_OBSTACLE]
157
158
159
160

[MAP_OBSTACLE]
161
162
163
164
165
166

[MAP_OBSTACLE]
167
168
169
170

[MAP_OBSTACLE]
171
172
173

[MAP_OBSTACLE]
174
175
176
177

[MAP_OBSTACLE]
178
179
180
181

[MAP_OBSTACLE]
182
183
184
185
186

[MAP_OBSTACLE]
187
188
189
190

[MAP_OBSTACLE]
191
192
193
194
195
196
197
198
199
200

[MAP_OBSTACLE]
201
202
203
204
205
206
207
208
209

[MAP_OBSTACLE]
210
211
212
213
214
215
216
217
218

[MAP_OBSTACLE]
219
220
221
222
223
224
225
226
227

[MAP_OBSTACLE]
228
229
230
231
232
233
234
235
236
237

[MAP_OBSTACLE]
238
239
240
241
242
243
244
245
246
247
248

[MAP_OBSTACLE]
249
250
251
252

[MAP_OBSTACLE]
253
254
255
256

[MAP_OBSTACLE]
257
258
259
260
261
262
263

[MAP_OBSTACLE]
264
265
266
267
268
269
270

[MAP_OBSTACLE]
271
272
273
274
275
276
277
278
279
280
281
282

[MAP_OBSTACLE]
283
284
285
286

[MAP_OBSTACLE]
287
288
289
290
291
292

[MAP_OBSTACLE]
293
294
295
296

[MAP_OBSTACLE]
297
298
299

[MAP_OBSTACLE]
300
301
302
303

[MAP_OBSTACLE]
304
305
306
307

[CITY_POINTS]
0 250 250
1 27.437613296613 304.06221944131
2 98.040063932341 110.04269359809
3 102.05771799147 286.88077035041
4 80.134232218995 277.87820868637
5 30.297392146687 193.14161795604
6 19.089184962453 198.89510901692
7 58.742834188459 247.41810738506
8 104.98719768234 229.88147668992
9 59.05513984295 153.03937741102
10 108.18637413382 188.27750741493
11 121.572402869 172.65650514747
12 196.50918029144 98.496954220035
13 18.63524507939 75.082253578837
14 120.94572433798 16.044515917072
15 77.87081684484 79.57437868147
16 112.0872250696 341.53308189287
17 145.81060162758 270.46014363581
18 147.2670082874 125.97758655262
19 204.458634149 250.31710606226
20 126.3349849538 227.41472355586
21 185.91932127956 131.97478643472
22 174.65285418465 19.421175548612
23 252.3584407168 18.100450114964
24 86.081090135399 294.01493634814
25 78.336632891721 402.03364384051
26 233.20751463229 375.99811238593
27 297.6847801368 238.3687339971
28 199.76050171522 306.69406667979
29 21.110815856001 477.36297260318
30 152.11294129004 295.22462687622
31 158.45583600455 377.5739880732
32 147.54388665148 328.97458222327
33 274.19942035574 422.81086879832
34 165.6518085692 484.37149271427
35 116.23315849802 478.26536949478
36 238.64944984603 335.45685703449
37 220.39425609495 483.64905629695
38 63.333931087073 414.6016240901
39 157.42210895185 391.08801126587
40 243.62396091676 215.86241798023
41 284.99879621503 336.50048615507
42 240.36436241735 281.80053702105
43 385.05002057033 482.74947264176
44 349.20242048823 418.71092803683
45 309.41447061349 455.22152774513
46 340.76049257347 361.96275194043
47 359.49959420255 408.19873170413
48 413.78726232152 332.95033765504
49 475.93732759905 284.07329938179
50 379.71011514572 216.68203355527
51 395.10241534124 281.08545153682
52 482.37307544517 414.61378599961
53 406.80708702829 406.64067451332
54 471.7977452662 391.35078338319
55 368.46562206808 338.63702140517
56 327.5924619811 304.21064436707
57 369.56243251158 205.11551850034
58 365.41473343738 299.28188772841
59 226.56079362042 145.76180975867
60 286.15837531535 223.17657077275
61 278.79877762908 160.50796101571
62 204.28767787125 200.22383392076
63 408.90726851104 34.233155939628
64 351.21158486886 29.156465725617
65 272.28670512556 116.07962940495
66 303.42707950903 155.66258472546
67 337.61895309616 241.27230609055
68 444.30183745245 207.73700006381
69 477.80964569031 60.091057925146
70 483.43269458904 240.91723336996
71 390.71264693977 137.07822662076
72 452.70464421874 128.70531144272
73 468.60570956517 176.39856469263
74 417.70650633906 94.241290786802
75 324.01732715103 129.26015512266
76 253.47709978609 127.76655706944


[MAP_CONVEX_REGION]
REGION_LABEL 0
0
3
110
111
67
102
103
78
79
175
176
27
24

[MAP_CONVEX_REGION]
REGION_LABEL 1
0
24
25
185
186
31
32
42
43
263
257
287
288
168
1

[MAP_CONVEX_REGION]
REGION_LABEL 2
3
2
274
275
270
264
159
160
146
147
197
199
200
10
11
298
299
108
110

[MAP_CONVEX_REGION]
REGION_LABEL 3
2
1
168
169
302
303
123
124
244
245
161
162
271
273
274

[MAP_CONVEX_REGION]
REGION_LABEL 4
4
5
115
49
50

[MAP_CONVEX_REGION]
REGION_LABEL 5
4
50
51
221
8
9

[MAP_CONVEX_REGION]
REGION_LABEL 6
5
6
239
240
250
251
121
114
115

[MAP_CONVEX_REGION]
REGION_LABEL 7
6
7
238
239

[MAP_CONVEX_REGION]
REGION_LABEL 8
7
8
221
222
247
238

[MAP_CONVEX_REGION]
REGION_LABEL 9
10
200
191
192
13

[MAP_CONVEX_REGION]
REGION_LABEL 10
11
12
52
53
297
298

[MAP_CONVEX_REGION]
REGION_LABEL 11
12
13
192
212
213
214
60
52

[MAP_CONVEX_REGION]
REGION_LABEL 12
14
15
129
130

[MAP_CONVEX_REGION]
REGION_LABEL 13
14
130
293
152
153
286
16

[MAP_CONVEX_REGION]
REGION_LABEL 14
15
16
286
283
134
135
129

[MAP_CONVEX_REGION]
REGION_LABEL 15
17
18
170
167
289

[MAP_CONVEX_REGION]
REGION_LABEL 16
17
289
22
23

[MAP_CONVEX_REGION]
REGION_LABEL 17
18
19
301
302
169
170

[MAP_CONVEX_REGION]
REGION_LABEL 18
19
20
21
118
119
120

[MAP_CONVEX_REGION]
REGION_LABEL 19
19
120
121
251
252
300
301

[MAP_CONVEX_REGION]
REGION_LABEL 20
21
22
291
292
117

[MAP_CONVEX_REGION]
REGION_LABEL 21
21
117
118

[MAP_CONVEX_REGION]
REGION_LABEL 22
22
289
290
291

[MAP_CONVEX_REGION]
REGION_LABEL 23
25
26
184
185

[MAP_CONVEX_REGION]
REGION_LABEL 24
26
27
176
177
184

[MAP_CONVEX_REGION]
REGION_LABEL 25
28
29
182
183

[MAP_CONVEX_REGION]
REGION_LABEL 26
28
183
184
202
203
127
128
135
46
47
33

[MAP_CONVEX_REGION]
REGION_LABEL 27
29
30
31
186
182

[MAP_CONVEX_REGION]
REGION_LABEL 28
32
33
47
42

[MAP_CONVEX_REGION]
REGION_LABEL 29
34
35
36
77
78

[MAP_CONVEX_REGION]
REGION_LABEL 30
34
78
103
104
41

[MAP_CONVEX_REGION]
REGION_LABEL 31
36
37
131
208
209
76
77

[MAP_CONVEX_REGION]
REGION_LABEL 32
37
38
296
293
130
131

[MAP_CONVEX_REGION]
REGION_LABEL 33
38
39
235
236
296

[MAP_CONVEX_REGION]
REGION_LABEL 34
39
40
235

[MAP_CONVEX_REGION]
REGION_LABEL 35
40
41
104
105
233
234
235

[MAP_CONVEX_REGION]
REGION_LABEL 36
43
44
262
263

[MAP_CONVEX_REGION]
REGION_LABEL 37
44
45
46
135

[MAP_CONVEX_REGION]
REGION_LABEL 38
44
135
136
137
262

[MAP_CONVEX_REGION]
REGION_LABEL 39
48
49
115
116
70
71
173

[MAP_CONVEX_REGION]
REGION_LABEL 40
48
173
171
51

[MAP_CONVEX_REGION]
REGION_LABEL 41
51
171
154
142
143
101
98
221

[MAP_CONVEX_REGION]
REGION_LABEL 42
53
54
113
297

[MAP_CONVEX_REGION]
REGION_LABEL 43
54
55
112
113

[MAP_CONVEX_REGION]
REGION_LABEL 44
55
56
66
67
111

[MAP_CONVEX_REGION]
REGION_LABEL 45
55
111
112

[MAP_CONVEX_REGION]
REGION_LABEL 46
56
57
58
64
65

[MAP_CONVEX_REGION]
REGION_LABEL 47
56
65
66

[MAP_CONVEX_REGION]
REGION_LABEL 48
58
59
60
214
231
232
233
63
64

[MAP_CONVEX_REGION]
REGION_LABEL 49
61
62
106

[MAP_CONVEX_REGION]
REGION_LABEL 50
61
106
107
102
67

[MAP_CONVEX_REGION]
REGION_LABEL 51
61
67
68
69

[MAP_CONVEX_REGION]
REGION_LABEL 52
62
63
233
105
106

[MAP_CONVEX_REGION]
REGION_LABEL 53
70
116
117
292
287
257
258
306
307
75

[MAP_CONVEX_REGION]
REGION_LABEL 54
71
72
285
172
173

[MAP_CONVEX_REGION]
REGION_LABEL 55
72
73
74
139
284
285

[MAP_CONVEX_REGION]
REGION_LABEL 56
74
75
307
304
139

[MAP_CONVEX_REGION]
REGION_LABEL 57
76
209
201
174
175
79

[MAP_CONVEX_REGION]
REGION_LABEL 58
80
81
144
228
229
90

[MAP_CONVEX_REGION]
REGION_LABEL 59
81
82
100
101
143

[MAP_CONVEX_REGION]
REGION_LABEL 60
81
143
144

[MAP_CONVEX_REGION]
REGION_LABEL 61
82
83
227
219
99
100

[MAP_CONVEX_REGION]
REGION_LABEL 62
83
84
85
255
256
227

[MAP_CONVEX_REGION]
REGION_LABEL 63
85
86
150
254
255

[MAP_CONVEX_REGION]
REGION_LABEL 64
86
87
210
194
195
196
150

[MAP_CONVEX_REGION]
REGION_LABEL 65
87
88
217
218
210

[MAP_CONVEX_REGION]
REGION_LABEL 66
88
89
90
229
230
231
216
217

[MAP_CONVEX_REGION]
REGION_LABEL 67
91
92
253
151
145

[MAP_CONVEX_REGION]
REGION_LABEL 68
91
145
157
188
189
97

[MAP_CONVEX_REGION]
REGION_LABEL 69
92
93
94
227
256
253

[MAP_CONVEX_REGION]
REGION_LABEL 70
94
95
223
226
227

[MAP_CONVEX_REGION]
REGION_LABEL 71
95
96
181
178
223

[MAP_CONVEX_REGION]
REGION_LABEL 72
96
97
189
190
279
280
180
181

[MAP_CONVEX_REGION]
REGION_LABEL 73
98
99
219
220
221

[MAP_CONVEX_REGION]
REGION_LABEL 74
108
109
110

[MAP_CONVEX_REGION]
REGION_LABEL 75
108
299
297
113

[MAP_CONVEX_REGION]
REGION_LABEL 76
122
123
303
300
252

[MAP_CONVEX_REGION]
REGION_LABEL 77
122
252
249
242
243
125

[MAP_CONVEX_REGION]
REGION_LABEL 78
124
125
243
244

[MAP_CONVEX_REGION]
REGION_LABEL 79
126
127
203
204
133

[MAP_CONVEX_REGION]
REGION_LABEL 80
128
129
135

[MAP_CONVEX_REGION]
REGION_LABEL 81
131
132
207
208

[MAP_CONVEX_REGION]
REGION_LABEL 82
132
133
204
205
206
207

[MAP_CONVEX_REGION]
REGION_LABEL 83
134
283
284
139
140

[MAP_CONVEX_REGION]
REGION_LABEL 84
137
138
260
261
262

[MAP_CONVEX_REGION]
REGION_LABEL 85
138
139
304
305
260

[MAP_CONVEX_REGION]
REGION_LABEL 86
141
142
154
155
295
228

[MAP_CONVEX_REGION]
REGION_LABEL 87
141
228
144

[MAP_CONVEX_REGION]
REGION_LABEL 88
145
146
160
157

[MAP_CONVEX_REGION]
REGION_LABEL 89
147
148
149
197

[MAP_CONVEX_REGION]
REGION_LABEL 90
149
150
196
197

[MAP_CONVEX_REGION]
REGION_LABEL 91
150
151
253
254

[MAP_CONVEX_REGION]
REGION_LABEL 92
152
293
294
156

[MAP_CONVEX_REGION]
REGION_LABEL 93
153
154
171
172
285
286

[MAP_CONVEX_REGION]
REGION_LABEL 94
155
156
294
295

[MAP_CONVEX_REGION]
REGION_LABEL 95
157
158
188

[MAP_CONVEX_REGION]
REGION_LABEL 96
158
159
264
265
188

[MAP_CONVEX_REGION]
REGION_LABEL 97
161
245
246
247
166

[MAP_CONVEX_REGION]
REGION_LABEL 98
162
163
282
271

[MAP_CONVEX_REGION]
REGION_LABEL 99
163
164
165
281
282

[MAP_CONVEX_REGION]
REGION_LABEL 100
165
166
247
179
280
281

[MAP_CONVEX_REGION]
REGION_LABEL 101
167
168
288
289

[MAP_CONVEX_REGION]
REGION_LABEL 102
174
201
202
184
177

[MAP_CONVEX_REGION]
REGION_LABEL 103
178
179
247
222
223

[MAP_CONVEX_REGION]
REGION_LABEL 104
179
180
280

[MAP_CONVEX_REGION]
REGION_LABEL 105
187
188
265
266
267

[MAP_CONVEX_REGION]
REGION_LABEL 106
187
267
278
279
190

[MAP_CONVEX_REGION]
REGION_LABEL 107
192
193
212

[MAP_CONVEX_REGION]
REGION_LABEL 108
193
194
210
211
212

[MAP_CONVEX_REGION]
REGION_LABEL 109
197
198
199

[MAP_CONVEX_REGION]
REGION_LABEL 110
214
215
216
231

[MAP_CONVEX_REGION]
REGION_LABEL 111
223
224
225
226

[MAP_CONVEX_REGION]
REGION_LABEL 112
228
295
296
236
237

[MAP_CONVEX_REGION]
REGION_LABEL 113
238
247
248

[MAP_CONVEX_REGION]
REGION_LABEL 114
240
241
242
249
250

[MAP_CONVEX_REGION]
REGION_LABEL 115
258
259
260
305
306

[MAP_CONVEX_REGION]
REGION_LABEL 116
267
268
269
277
278

[MAP_CONVEX_REGION]
REGION_LABEL 117
269
270
275
276

[MAP_CONVEX_REGION]
REGION_LABEL 118
269
276
277

[MAP_CONVEX_REGION]
REGION_LABEL 119
271
272
273

[MAP_VISIBILITY_GRAPH]
MAP_VERTEX 0
3
110
111
67
102
103
78
79
175
176
27
24
25
185
186
31
32
42
43
263
257
287
288
168
1

[MAP_VISIBILITY_GRAPH]
MAP_VERTEX 1
0
24
25
185
186
31
32
42
43
263
257
287
288
289
307
153
74
22
168
169
302
303
123
124
244
245
161
162
271
273
274
2

[MAP_VISIBILITY_GRAPH]
MAP_VERTEX 2
168
169
302
303
123
124
244
245
161
162
271
273
274
275
270
264
159
160
146
147
197
199
200
10
11
298
299
108
110
3
1

[MAP_VISIBILITY_GRAPH]
MAP_VERTEX 3
2
274
275
270
264
159
160
146
147
197
199
200
10
11
298
299
297
108
110
111
67
106
107
102
103
78
79
175
176
27
24
0

[MAP_VISIBILITY_GRAPH]
MAP_VERTEX 4
50
143
101
98
221
8
9
5
251
252
115
49

[MAP_VISIBILITY_GRAPH]
MAP_VERTEX 5
116
49
4
6
239
240
242
125
250
251
300
121
115

[MAP_VISIBILITY_GRAPH]
MAP_VERTEX 6
7
238
239
240
250
251
167
18
121
5

[MAP_VISIBILITY_GRAPH]
MAP_VERTEX 7
8
51
154
221
222
179
281
282
238
6

[MAP_VISIBILITY_GRAPH]
MAP_VERTEX 8
51
142
221
222
179
281
282
7
9
4
49
50

[MAP_VISIBILITY_GRAPH]
MAP_VERTEX 9
50
51
142
8
4

[MAP_VISIBILITY_GRAPH]
MAP_VERTEX 10
11
3
2
200
191
13

[MAP_VISIBILITY_GRAPH]
MAP_VERTEX 11
53
297
298
3
2
10
12

[MAP_VISIBILITY_GRAPH]
MAP_VERTEX 12
53
113
108
297
298
11
13
192
193
210
212
213
52

[MAP_VISIBILITY_GRAPH]
MAP_VERTEX 13
214
63
60
52
12
10
200
191
192

[MAP_VISIBILITY_GRAPH]
MAP_VERTEX 14
130
77
36
37
293
152
153
172
49
71
16
15
129

[MAP_VISIBILITY_GRAPH]
MAP_VERTEX 15
130
37
14
16
153
98
171
286
283
140
134
129

[MAP_VISIBILITY_GRAPH]
MAP_VERTEX 16
14
77
36
37
293
152
153
172
71
286
283
134
15

[MAP_VISIBILITY_GRAPH]
MAP_VERTEX 17
290
22
23
18
170
167
289

[MAP_VISIBILITY_GRAPH]
MAP_VERTEX 18
19
120
121
6
251
301
302
170
167
17

[MAP_VISIBILITY_GRAPH]
MAP_VERTEX 19
21
118
119
120
252
300
301
169
170
18
20

[MAP_VISIBILITY_GRAPH]
MAP_VERTEX 20
21
292
118
119
19

[MAP_VISIBILITY_GRAPH]
MAP_VERTEX 21
292
307
285
74
117
118
120
19
20
22
291

[MAP_VISIBILITY_GRAPH]
MAP_VERTEX 22
290
291
292
307
153
74
21
23
17
167
168
1
289

[MAP_VISIBILITY_GRAPH]
MAP_VERTEX 23
17
289
22

[MAP_VISIBILITY_GRAPH]
MAP_VERTEX 24
0
3
27
25
1

[MAP_VISIBILITY_GRAPH]
MAP_VERTEX 25
0
24
26
76
201
202
184
185
1

[MAP_VISIBILITY_GRAPH]
MAP_VERTEX 26
27
176
177
76
201
202
184
185
25

[MAP_VISIBILITY_GRAPH]
MAP_VERTEX 27
0
3
176
177
184
26
24

[MAP_VISIBILITY_GRAPH]
MAP_VERTEX 28
182
183
202
203
126
127
128
135
136
33
29

[MAP_VISIBILITY_GRAPH]
MAP_VERTEX 29
182
183
28
30
31
186

[MAP_VISIBILITY_GRAPH]
MAP_VERTEX 30
186
29
31

[MAP_VISIBILITY_GRAPH]
MAP_VERTEX 31
0
186
182
29
30
32
1

[MAP_VISIBILITY_GRAPH]
MAP_VERTEX 32
0
31
33
128
47
42
1

[MAP_VISIBILITY_GRAPH]
MAP_VERTEX 33
28
202
203
204
207
131
127
128
284
134
135
136
47
42
32

[MAP_VISIBILITY_GRAPH]
MAP_VERTEX 34
78
103
104
105
63
41
35
36
132
208
77

[MAP_VISIBILITY_GRAPH]
MAP_VERTEX 35
201
76
77
78
34
36

[MAP_VISIBILITY_GRAPH]
MAP_VERTEX 36
201
76
77
34
35
37
72
285
286
16
14
130
131
132
208
209

[MAP_VISIBILITY_GRAPH]
MAP_VERTEX 37
208
209
175
76
36
38
296
293
72
285
286
16
14
15
134
130
131

[MAP_VISIBILITY_GRAPH]
MAP_VERTEX 38
39
40
105
106
235
236
296
293
129
130
37

[MAP_VISIBILITY_GRAPH]
MAP_VERTEX 39
40
61
62
233
235
236
296
38

[MAP_VISIBILITY_GRAPH]
MAP_VERTEX 40
41
105
61
62
233
234
235
38
39

[MAP_VISIBILITY_GRAPH]
MAP_VERTEX 41
34
104
105
63
233
234
40

[MAP_VISIBILITY_GRAPH]
MAP_VERTEX 42
0
32
33
207
127
47
43
1

[MAP_VISIBILITY_GRAPH]
MAP_VERTEX 43
0
42
44
136
137
138
304
262
263
1

[MAP_VISIBILITY_GRAPH]
MAP_VERTEX 44
45
46
202
203
127
128
135
136
137
261
262
263
43

[MAP_VISIBILITY_GRAPH]
MAP_VERTEX 45
46
44

[MAP_VISIBILITY_GRAPH]
MAP_VERTEX 46
47
202
203
127
128
135
136
44
45

[MAP_VISIBILITY_GRAPH]
MAP_VERTEX 47
32
33
202
203
127
128
129
283
135
136
46
42

[MAP_VISIBILITY_GRAPH]
MAP_VERTEX 48
71
286
172
173
155
142
143
144
90
51
49
116
70

[MAP_VISIBILITY_GRAPH]
MAP_VERTEX 49
257
258
306
307
75
70
71
14
172
48
50
8
4
5
242
244
250
115
116

[MAP_VISIBILITY_GRAPH]
MAP_VERTEX 50
51
143
101
98
221
8
9
4
251
115
49

[MAP_VISIBILITY_GRAPH]
MAP_VERTEX 51
171
154
142
143
144
90
101
98
220
221
271
163
165
247
238
7
8
9
50
48
173

[MAP_VISIBILITY_GRAPH]
MAP_VERTEX 52
53
299
297
298
12
13
200
192
212
213
60

[MAP_VISIBILITY_GRAPH]
MAP_VERTEX 53
54
113
299
297
11
12
193
86
212
52

[MAP_VISIBILITY_GRAPH]
MAP_VERTEX 54
55
112
113
297
53

[MAP_VISIBILITY_GRAPH]
MAP_VERTEX 55
67
111
112
113
54
56
65
66

[MAP_VISIBILITY_GRAPH]
MAP_VERTEX 56
66
55
57
58
214
216
229
64
65

[MAP_VISIBILITY_GRAPH]
MAP_VERTEX 57
58
230
231
64
56

[MAP_VISIBILITY_GRAPH]
MAP_VERTEX 58
65
56
57
59
60
214
230
231
232
64

[MAP_VISIBILITY_GRAPH]
MAP_VERTEX 59
60
214
231
232
58

[MAP_VISIBILITY_GRAPH]
MAP_VERTEX 60
233
63
64
65
58
59
52
13
192
212
213
214

[MAP_VISIBILITY_GRAPH]
MAP_VERTEX 61
102
67
68
69
62
39
40
105
106

[MAP_VISIBILITY_GRAPH]
MAP_VERTEX 62
106
61
63
233
39
40
105

[MAP_VISIBILITY_GRAPH]
MAP_VERTEX 63
41
34
78
105
62
64
60
13
214
231
232
233

[MAP_VISIBILITY_GRAPH]
MAP_VERTEX 64
65
66
56
57
58
60
213
214
216
101
144
229
231
232
63

[MAP_VISIBILITY_GRAPH]
MAP_VERTEX 65
66
111
55
56
58
60
213
64

[MAP_VISIBILITY_GRAPH]
MAP_VERTEX 66
67
111
55
56
214
64
65

[MAP_VISIBILITY_GRAPH]
MAP_VERTEX 67
0
3
111
112
113
55
66
68
69
61
106
107
102

[MAP_VISIBILITY_GRAPH]
MAP_VERTEX 68
61
67
69

[MAP_VISIBILITY_GRAPH]
MAP_VERTEX 69
61
67
68

[MAP_VISIBILITY_GRAPH]
MAP_VERTEX 70
71
173
143
144
90
48
49
242
250
115
116
117
292
287
75

[MAP_VISIBILITY_GRAPH]
MAP_VERTEX 71
140
284
285
286
16
14
130
131
208
209
76
172
173
48
49
115
70
72

[MAP_VISIBILITY_GRAPH]
MAP_VERTEX 72
140
284
285
77
36
37
293
152
153
172
71
73
74
304
305
259
139

[MAP_VISIBILITY_GRAPH]
MAP_VERTEX 73
260
138
139
134
128
284
72
74

[MAP_VISIBILITY_GRAPH]
MAP_VERTEX 74
260
138
139
285
153
72
73
75
117
21
22
1
289
307
304

[MAP_VISIBILITY_GRAPH]
MAP_VERTEX 75
304
74
70
49
116
117
291
292
287
307

[MAP_VISIBILITY_GRAPH]
MAP_VERTEX 76
25
26
177
174
175
79
77
35
36
37
293
152
153
172
71
209
201

[MAP_VISIBILITY_GRAPH]
MAP_VERTEX 77
78
34
35
36
72
285
286
16
14
130
131
208
209
76

[MAP_VISIBILITY_GRAPH]
MAP_VERTEX 78
0
3
103
104
105
63
34
35
77
79

[MAP_VISIBILITY_GRAPH]
MAP_VERTEX 79
0
3
78
76
201
174
175

[MAP_VISIBILITY_GRAPH]
MAP_VERTEX 80
144
296
235
228
90
81

[MAP_VISIBILITY_GRAPH]
MAP_VERTEX 81
144
229
231
90
80
82
219
100
101
173
171
172
285
143

[MAP_VISIBILITY_GRAPH]
MAP_VERTEX 82
286
153
154
142
143
81
83
145
91
92
227
219
220
99
100

[MAP_VISIBILITY_GRAPH]
MAP_VERTEX 83
84
85
255
256
145
91
92
227
219
221
99
82

[MAP_VISIBILITY_GRAPH]
MAP_VERTEX 84
85
86
196
197
255
256
93
227
83

[MAP_VISIBILITY_GRAPH]
MAP_VERTEX 85
86
149
150
254
255
83
84

[MAP_VISIBILITY_GRAPH]
MAP_VERTEX 86
87
218
210
212
53
193
194
195
196
149
150
151
266
188
91
254
255
84
85

[MAP_VISIBILITY_GRAPH]
MAP_VERTEX 87
229
217
218
210
196
147
149
86
88

[MAP_VISIBILITY_GRAPH]
MAP_VERTEX 88
229
230
217
218
87
89
90

[MAP_VISIBILITY_GRAPH]
MAP_VERTEX 89
90
229
230
88

[MAP_VISIBILITY_GRAPH]
MAP_VERTEX 90
229
231
216
217
218
88
89
80
81
101
51
48
70
144
141
155
156
228

[MAP_VISIBILITY_GRAPH]
MAP_VERTEX 91
100
153
82
83
256
253
254
86
210
211
151
145
160
157
265
188
97
92

[MAP_VISIBILITY_GRAPH]
MAP_VERTEX 92
100
154
82
83
256
253
212
193
194
150
151
91
93
94
224
226
227

[MAP_VISIBILITY_GRAPH]
MAP_VERTEX 93
227
84
256
92
94

[MAP_VISIBILITY_GRAPH]
MAP_VERTEX 94
227
253
195
150
92
93
95
166
247
222
223
224
226

[MAP_VISIBILITY_GRAPH]
MAP_VERTEX 95
225
226
94
96
190
187
181
178
166
247
222
223

[MAP_VISIBILITY_GRAPH]
MAP_VERTEX 96
97
157
189
190
267
276
279
181
178
95

[MAP_VISIBILITY_GRAPH]
MAP_VERTEX 97
91
145
146
157
158
264
188
189
280
180
181
96

[MAP_VISIBILITY_GRAPH]
MAP_VERTEX 98
171
15
153
154
142
101
99
220
221
4
251
50
51

[MAP_VISIBILITY_GRAPH]
MAP_VERTEX 99
100
82
83
256
253
151
219
220
221
98

[MAP_VISIBILITY_GRAPH]
MAP_VERTEX 100
286
153
154
142
143
81
82
145
91
92
227
219
99
101

[MAP_VISIBILITY_GRAPH]
MAP_VERTEX 101
286
135
153
154
142
143
144
64
216
90
81
100
98
4
50
51
173
171

[MAP_VISIBILITY_GRAPH]
MAP_VERTEX 102
0
3
67
61
106
107
103

[MAP_VISIBILITY_GRAPH]
MAP_VERTEX 103
0
3
102
104
34
78

[MAP_VISIBILITY_GRAPH]
MAP_VERTEX 104
78
103
105
232
233
234
41
34

[MAP_VISIBILITY_GRAPH]
MAP_VERTEX 105
34
78
104
106
61
62
63
232
233
235
38
40
41

[MAP_VISIBILITY_GRAPH]
MAP_VERTEX 106
102
3
67
61
62
233
235
38
105
107

[MAP_VISIBILITY_GRAPH]
MAP_VERTEX 107
102
3
67
106

[MAP_VISIBILITY_GRAPH]
MAP_VERTEX 108
110
3
2
299
297
12
212
113
109

[MAP_VISIBILITY_GRAPH]
MAP_VERTEX 109
110
108

[MAP_VISIBILITY_GRAPH]
MAP_VERTEX 110
0
3
2
108
109
111

[MAP_VISIBILITY_GRAPH]
MAP_VERTEX 111
0
3
110
112
55
65
66
67

[MAP_VISIBILITY_GRAPH]
MAP_VERTEX 112
67
111
113
297
54
55

[MAP_VISIBILITY_GRAPH]
MAP_VERTEX 113
55
67
112
108
299
297
12
210
212
53
54

[MAP_VISIBILITY_GRAPH]
MAP_VERTEX 114
115
239
240
250
251
121

[MAP_VISIBILITY_GRAPH]
MAP_VERTEX 115
116
70
71
130
172
49
50
221
4
5
239
240
241
250
251
252
121
114

[MAP_VISIBILITY_GRAPH]
MAP_VERTEX 116
257
258
306
307
75
70
173
142
48
49
5
240
241
115
117

[MAP_VISIBILITY_GRAPH]
MAP_VERTEX 117
257
258
306
307
139
74
75
70
116
118
21
291
292

[MAP_VISIBILITY_GRAPH]
MAP_VERTEX 118
292
117
119
120
252
19
20
21

[MAP_VISIBILITY_GRAPH]
MAP_VERTEX 119
120
122
300
19
20
118

[MAP_VISIBILITY_GRAPH]
MAP_VERTEX 120
21
118
119
121
252
122
123
300
301
18
19

[MAP_VISIBILITY_GRAPH]
MAP_VERTEX 121
114
115
5
6
238
251
252
303
300
301
18
120

[MAP_VISIBILITY_GRAPH]
MAP_VERTEX 122
300
119
120
252
249
242
125
123
303

[MAP_VISIBILITY_GRAPH]
MAP_VERTEX 123
300
120
122
124
2
1
303

[MAP_VISIBILITY_GRAPH]
MAP_VERTEX 124
125
243
244
2
1
123

[MAP_VISIBILITY_GRAPH]
MAP_VERTEX 125
300
252
249
250
5
242
243
244
124
122

[MAP_VISIBILITY_GRAPH]
MAP_VERTEX 126
127
28
203
133

[MAP_VISIBILITY_GRAPH]
MAP_VERTEX 127
28
183
184
177
203
204
207
131
133
126
128
137
44
46
47
42
33

[MAP_VISIBILITY_GRAPH]
MAP_VERTEX 128
32
33
28
183
184
177
127
129
284
73
134
135
137
44
46
47

[MAP_VISIBILITY_GRAPH]
MAP_VERTEX 129
47
128
130
38
293
14
15
153
286
283
284
139
134
135

[MAP_VISIBILITY_GRAPH]
MAP_VERTEX 130
131
77
36
37
38
236
237
293
294
155
152
153
172
115
71
14
15
134
129

[MAP_VISIBILITY_GRAPH]
MAP_VERTEX 131
208
77
36
37
296
293
156
152
153
172
71
130
132
133
127
33
207

[MAP_VISIBILITY_GRAPH]
MAP_VERTEX 132
203
204
205
207
208
34
36
131
133

[MAP_VISIBILITY_GRAPH]
MAP_VERTEX 133
203
204
206
207
131
132
126
127

[MAP_VISIBILITY_GRAPH]
MAP_VERTEX 134
135
33
128
129
130
37
15
16
283
284
73
139
140

[MAP_VISIBILITY_GRAPH]
MAP_VERTEX 135
47
33
28
183
184
177
128
129
153
101
286
283
134
136
137
261
44
46

[MAP_VISIBILITY_GRAPH]
MAP_VERTEX 136
43
44
46
47
33
28
183
184
177
135
137

[MAP_VISIBILITY_GRAPH]
MAP_VERTEX 137
43
44
202
203
127
128
135
136
138
260
261
262

[MAP_VISIBILITY_GRAPH]
MAP_VERTEX 138
262
43
137
139
73
74
304
305
259
260

[MAP_VISIBILITY_GRAPH]
MAP_VERTEX 139
140
134
129
284
285
154
217
141
172
72
73
74
117
307
304
305
259
138

[MAP_VISIBILITY_GRAPH]
MAP_VERTEX 140
134
15
283
284
173
71
72
139

[MAP_VISIBILITY_GRAPH]
MAP_VERTEX 141
152
294
295
237
228
217
90
144
142
172
139
154
155

[MAP_VISIBILITY_GRAPH]
MAP_VERTEX 142
155
295
141
143
82
227
100
101
98
221
8
9
51
48
116
173
171
172
285
154

[MAP_VISIBILITY_GRAPH]
MAP_VERTEX 143
144
81
82
100
101
4
50
51
48
70
173
171
172
285
142

[MAP_VISIBILITY_GRAPH]
MAP_VERTEX 144
152
294
295
296
236
228
229
64
216
90
80
81
101
51
48
70
143
141

[MAP_VISIBILITY_GRAPH]
MAP_VERTEX 145
100
286
82
83
256
253
151
146
160
157
189
181
97
91

[MAP_VISIBILITY_GRAPH]
MAP_VERTEX 146
147
3
2
160
157
97
145

[MAP_VISIBILITY_GRAPH]
MAP_VERTEX 147
149
87
217
210
196
197
3
2
146
148

[MAP_VISIBILITY_GRAPH]
MAP_VERTEX 148
149
197
147

[MAP_VISIBILITY_GRAPH]
MAP_VERTEX 149
85
86
87
217
210
211
194
196
197
147
148
150

[MAP_VISIBILITY_GRAPH]
MAP_VERTEX 150
85
86
218
210
211
194
195
196
197
149
151
92
94
223
253
254

[MAP_VISIBILITY_GRAPH]
MAP_VERTEX 151
254
86
210
211
150
145
157
266
188
91
92
224
226
227
219
99
253

[MAP_VISIBILITY_GRAPH]
MAP_VERTEX 152
130
131
208
209
76
293
294
144
141
155
156
153
72
285
286
16
14

[MAP_VISIBILITY_GRAPH]
MAP_VERTEX 153
135
129
15
16
14
130
131
208
209
76
152
154
82
91
100
101
98
220
171
172
72
74
22
1
307
285
286

[MAP_VISIBILITY_GRAPH]
MAP_VERTEX 154
155
228
217
141
142
82
92
100
101
98
221
7
51
171
172
304
139
285
153

[MAP_VISIBILITY_GRAPH]
MAP_VERTEX 155
152
130
294
295
228
218
90
141
142
48
173
171
154
156

[MAP_VISIBILITY_GRAPH]
MAP_VERTEX 156
152
131
293
294
295
228
90
155

[MAP_VISIBILITY_GRAPH]
MAP_VERTEX 157
91
254
151
145
146
160
158
265
266
188
189
178
96
97

[MAP_VISIBILITY_GRAPH]
MAP_VERTEX 158
97
157
159
264
265
267
187
188

[MAP_VISIBILITY_GRAPH]
MAP_VERTEX 159
160
3
2
264
265
158

[MAP_VISIBILITY_GRAPH]
MAP_VERTEX 160
91
256
145
146
3
2
159
157

[MAP_VISIBILITY_GRAPH]
MAP_VERTEX 161
246
166
162
2
1
245

[MAP_VISIBILITY_GRAPH]
MAP_VERTEX 162
163
282
271
2
1
161

[MAP_VISIBILITY_GRAPH]
MAP_VERTEX 163
165
51
221
222
179
281
282
271
162
164

[MAP_VISIBILITY_GRAPH]
MAP_VERTEX 164
165
180
189
280
281
163

[MAP_VISIBILITY_GRAPH]
MAP_VERTEX 165
247
51
221
222
223
226
179
180
190
280
281
282
163
164
166

[MAP_VISIBILITY_GRAPH]
MAP_VERTEX 166
247
227
94
95
178
179
279
280
165
161
245
246

[MAP_VISIBILITY_GRAPH]
MAP_VERTEX 167
288
289
291
22
17
18
6
251
301
170
168

[MAP_VISIBILITY_GRAPH]
MAP_VERTEX 168
0
288
289
292
22
167
169
2
1

[MAP_VISIBILITY_GRAPH]
MAP_VERTEX 169
170
19
301
302
2
1
168

[MAP_VISIBILITY_GRAPH]
MAP_VERTEX 170
288
289
17
18
19
301
302
169
167

[MAP_VISIBILITY_GRAPH]
MAP_VERTEX 171
286
15
153
154
155
295
142
143
81
101
98
220
51
173
172

[MAP_VISIBILITY_GRAPH]
MAP_VERTEX 172
286
16
14
130
131
208
209
76
153
154
228
141
142
143
81
171
173
48
49
115
71
72
304
139
285

[MAP_VISIBILITY_GRAPH]
MAP_VERTEX 173
140
284
285
172
171
155
142
143
81
101
51
48
116
70
71

[MAP_VISIBILITY_GRAPH]
MAP_VERTEX 174
175
79
76
209
201
202
184
185
177

[MAP_VISIBILITY_GRAPH]
MAP_VERTEX 175
0
3
79
76
37
209
174
176

[MAP_VISIBILITY_GRAPH]
MAP_VERTEX 176
0
3
175
177
26
27

[MAP_VISIBILITY_GRAPH]
MAP_VERTEX 177
27
176
174
76
201
202
203
127
128
135
136
184
185
26

[MAP_VISIBILITY_GRAPH]
MAP_VERTEX 178
223
226
95
96
157
189
181
179
166
245
247
222

[MAP_VISIBILITY_GRAPH]
MAP_VERTEX 179
238
7
8
222
223
226
178
180
279
280
281
271
163
165
166
246
247

[MAP_VISIBILITY_GRAPH]
MAP_VERTEX 180
181
97
189
190
279
280
164
165
179

[MAP_VISIBILITY_GRAPH]
MAP_VERTEX 181
223
225
95
96
97
145
189
190
187
279
180
178

[MAP_VISIBILITY_GRAPH]
MAP_VERTEX 182
183
28
29
31
186

[MAP_VISIBILITY_GRAPH]
MAP_VERTEX 183
184
202
203
127
128
135
136
28
29
186
182

[MAP_VISIBILITY_GRAPH]
MAP_VERTEX 184
25
26
27
177
174
202
203
127
128
135
136
183
185

[MAP_VISIBILITY_GRAPH]
MAP_VERTEX 185
0
25
26
177
174
184
186
1

[MAP_VISIBILITY_GRAPH]
MAP_VERTEX 186
0
185
182
183
29
30
31
1

[MAP_VISIBILITY_GRAPH]
MAP_VERTEX 187
181
225
95
190
188
158
265
266
267
278
279

[MAP_VISIBILITY_GRAPH]
MAP_VERTEX 188
97
91
86
151
157
158
264
265
266
187
189

[MAP_VISIBILITY_GRAPH]
MAP_VERTEX 189
97
145
157
188
190
280
164
180
181
178
96

[MAP_VISIBILITY_GRAPH]
MAP_VERTEX 190
223
95
96
189
187
267
277
279
280
165
180
181

[MAP_VISIBILITY_GRAPH]
MAP_VERTEX 191
192
13
10
200

[MAP_VISIBILITY_GRAPH]
MAP_VERTEX 192
214
60
52
12
13
200
191
193
211
212

[MAP_VISIBILITY_GRAPH]
MAP_VERTEX 193
212
53
12
192
194
92
253
254
86
210
211

[MAP_VISIBILITY_GRAPH]
MAP_VERTEX 194
211
193
195
196
149
150
92
253
254
86
210

[MAP_VISIBILITY_GRAPH]
MAP_VERTEX 195
196
150
94
253
254
255
86
194

[MAP_VISIBILITY_GRAPH]
MAP_VERTEX 196
87
229
210
194
195
197
147
149
150
254
255
84
86

[MAP_VISIBILITY_GRAPH]
MAP_VERTEX 197
198
199
3
2
147
148
149
150
254
255
84
196

[MAP_VISIBILITY_GRAPH]
MAP_VERTEX 198
199
197

[MAP_VISIBILITY_GRAPH]
MAP_VERTEX 199
200
3
2
197
198

[MAP_VISIBILITY_GRAPH]
MAP_VERTEX 200
192
52
13
10
3
2
199
191

[MAP_VISIBILITY_GRAPH]
MAP_VERTEX 201
25
26
177
174
79
76
35
36
209
202

[MAP_VISIBILITY_GRAPH]
MAP_VERTEX 202
25
26
177
174
201
203
137
44
46
47
33
28
183
184

[MAP_VISIBILITY_GRAPH]
MAP_VERTEX 203
28
183
184
177
202
204
132
133
126
127
137
44
46
47
33

[MAP_VISIBILITY_GRAPH]
MAP_VERTEX 204
205
206
207
132
133
127
33
203

[MAP_VISIBILITY_GRAPH]
MAP_VERTEX 205
206
207
132
204

[MAP_VISIBILITY_GRAPH]
MAP_VERTEX 206
207
133
204
205

[MAP_VISIBILITY_GRAPH]
MAP_VERTEX 207
205
206
208
131
132
133
127
42
33
204

[MAP_VISIBILITY_GRAPH]
MAP_VERTEX 208
209
77
34
36
37
293
152
153
172
71
131
132
207

[MAP_VISIBILITY_GRAPH]
MAP_VERTEX 209
201
174
175
76
77
36
37
293
152
153
172
71
208

[MAP_VISIBILITY_GRAPH]
MAP_VERTEX 210
229
217
218
211
212
113
12
193
194
196
147
149
150
151
91
86
87

[MAP_VISIBILITY_GRAPH]
MAP_VERTEX 211
212
192
193
194
149
150
151
91
210

[MAP_VISIBILITY_GRAPH]
MAP_VERTEX 212
214
60
52
53
113
108
12
192
193
92
253
254
86
210
211
213

[MAP_VISIBILITY_GRAPH]
MAP_VERTEX 213
214
64
65
60
52
299
297
12
212

[MAP_VISIBILITY_GRAPH]
MAP_VERTEX 214
233
63
64
66
56
58
59
60
13
192
212
213
215
216
230
231

[MAP_VISIBILITY_GRAPH]
MAP_VERTEX 215
231
214
216

[MAP_VISIBILITY_GRAPH]
MAP_VERTEX 216
231
64
56
214
215
217
90
101
144
229
230

[MAP_VISIBILITY_GRAPH]
MAP_VERTEX 217
230
216
218
210
147
149
87
88
90
141
139
154
228
229

[MAP_VISIBILITY_GRAPH]
MAP_VERTEX 218
210
150
86
87
88
90
155
228
217

[MAP_VISIBILITY_GRAPH]
MAP_VERTEX 219
100
81
82
83
256
253
151
227
220
221
99

[MAP_VISIBILITY_GRAPH]
MAP_VERTEX 220
51
171
153
98
99
82
219
221

[MAP_VISIBILITY_GRAPH]
MAP_VERTEX 221
51
154
142
98
99
83
219
220
222
271
163
165
247
238
7
8
4
252
115
50

[MAP_VISIBILITY_GRAPH]
MAP_VERTEX 222
7
8
221
223
227
94
95
178
179
271
163
165
247
248
238

[MAP_VISIBILITY_GRAPH]
MAP_VERTEX 223
225
226
227
253
150
94
95
190
181
178
179
165
222
224

[MAP_VISIBILITY_GRAPH]
MAP_VERTEX 224
225
226
151
92
94
223

[MAP_VISIBILITY_GRAPH]
MAP_VERTEX 225
226
95
187
181
223
224

[MAP_VISIBILITY_GRAPH]
MAP_VERTEX 226
227
151
92
94
95
178
179
165
223
224
225

[MAP_VISIBILITY_GRAPH]
MAP_VERTEX 227
100
142
82
83
84
256
253
151
92
93
94
166
247
222
223
226
219

[MAP_VISIBILITY_GRAPH]
MAP_VERTEX 228
296
235
236
237
229
217
218
90
80
144
141
172
304
154
155
156
295

[MAP_VISIBILITY_GRAPH]
MAP_VERTEX 229
230
231
64
56
216
217
210
196
87
88
89
90
81
144
228

[MAP_VISIBILITY_GRAPH]
MAP_VERTEX 230
231
57
58
214
216
217
88
89
229

[MAP_VISIBILITY_GRAPH]
MAP_VERTEX 231
233
63
64
57
58
59
214
215
216
90
81
229
230
232

[MAP_VISIBILITY_GRAPH]
MAP_VERTEX 232
233
104
105
63
64
58
59
231

[MAP_VISIBILITY_GRAPH]
MAP_VERTEX 233
41
104
105
106
62
63
60
214
231
232
234
235
39
40

[MAP_VISIBILITY_GRAPH]
MAP_VERTEX 234
40
41
104
233
235

[MAP_VISIBILITY_GRAPH]
MAP_VERTEX 235
40
105
106
233
234
236
228
80
296
38
39

[MAP_VISIBILITY_GRAPH]
MAP_VERTEX 236
39
235
237
228
144
296
293
130
38

[MAP_VISIBILITY_GRAPH]
MAP_VERTEX 237
228
141
295
296
293
130
236

[MAP_VISIBILITY_GRAPH]
MAP_VERTEX 238
7
51
221
222
179
281
282
247
248
239
240
250
251
121
6

[MAP_VISIBILITY_GRAPH]
MAP_VERTEX 239
114
115
5
6
238
240

[MAP_VISIBILITY_GRAPH]
MAP_VERTEX 240
114
115
116
5
6
238
239
241
242
249
250

[MAP_VISIBILITY_GRAPH]
MAP_VERTEX 241
250
115
116
240
242

[MAP_VISIBILITY_GRAPH]
MAP_VERTEX 242
250
70
49
5
240
241
243
244
125
122
249

[MAP_VISIBILITY_GRAPH]
MAP_VERTEX 243
300
252
249
242
244
124
125

[MAP_VISIBILITY_GRAPH]
MAP_VERTEX 244
125
250
49
242
243
245
2
1
124

[MAP_VISIBILITY_GRAPH]
MAP_VERTEX 245
246
247
178
166
161
2
1
244

[MAP_VISIBILITY_GRAPH]
MAP_VERTEX 246
247
179
280
166
161
245

[MAP_VISIBILITY_GRAPH]
MAP_VERTEX 247
238
51
221
222
227
94
95
178
179
281
282
165
166
245
246
248

[MAP_VISIBILITY_GRAPH]
MAP_VERTEX 248
238
222
247

[MAP_VISIBILITY_GRAPH]
MAP_VERTEX 249
250
240
242
243
125
122
252

[MAP_VISIBILITY_GRAPH]
MAP_VERTEX 250
114
115
70
49
5
6
238
240
241
242
244
125
249
251

[MAP_VISIBILITY_GRAPH]
MAP_VERTEX 251
114
115
50
98
4
5
6
238
250
252
300
301
167
18
121

[MAP_VISIBILITY_GRAPH]
MAP_VERTEX 252
19
118
120
121
115
221
4
251
249
243
125
122
303
300

[MAP_VISIBILITY_GRAPH]
MAP_VERTEX 253
254
212
193
194
195
150
151
145
91
92
94
223
227
219
99
256

[MAP_VISIBILITY_GRAPH]
MAP_VERTEX 254
85
86
212
193
194
195
196
197
150
151
157
265
91
253
255

[MAP_VISIBILITY_GRAPH]
MAP_VERTEX 255
85
86
195
196
197
254
256
83
84

[MAP_VISIBILITY_GRAPH]
MAP_VERTEX 256
84
255
253
145
160
91
92
93
227
219
99
83

[MAP_VISIBILITY_GRAPH]
MAP_VERTEX 257
0
263
258
49
116
117
292
287
1

[MAP_VISIBILITY_GRAPH]
MAP_VERTEX 258
259
260
305
306
49
116
117
292
287
257

[MAP_VISIBILITY_GRAPH]
MAP_VERTEX 259
260
138
139
72
305
306
258

[MAP_VISIBILITY_GRAPH]
MAP_VERTEX 260
262
137
138
73
74
304
305
258
259
261

[MAP_VISIBILITY_GRAPH]
MAP_VERTEX 261
262
44
135
137
260

[MAP_VISIBILITY_GRAPH]
MAP_VERTEX 262
43
44
137
138
304
260
261
263

[MAP_VISIBILITY_GRAPH]
MAP_VERTEX 263
0
43
44
262
257
1

[MAP_VISIBILITY_GRAPH]
MAP_VERTEX 264
188
97
158
159
3
2
270
265

[MAP_VISIBILITY_GRAPH]
MAP_VERTEX 265
188
91
254
157
158
159
264
266
267
278
187

[MAP_VISIBILITY_GRAPH]
MAP_VERTEX 266
188
86
151
157
265
267
187

[MAP_VISIBILITY_GRAPH]
MAP_VERTEX 267
279
96
190
187
158
265
266
268
269
276
277
278

[MAP_VISIBILITY_GRAPH]
MAP_VERTEX 268
269
277
278
267

[MAP_VISIBILITY_GRAPH]
MAP_VERTEX 269
267
268
270
275
276
277

[MAP_VISIBILITY_GRAPH]
MAP_VERTEX 270
264
3
2
275
276
269

[MAP_VISIBILITY_GRAPH]
MAP_VERTEX 271
163
51
221
222
179
281
282
272
273
2
1
162

[MAP_VISIBILITY_GRAPH]
MAP_VERTEX 272
273
271

[MAP_VISIBILITY_GRAPH]
MAP_VERTEX 273
272
274
2
1
271

[MAP_VISIBILITY_GRAPH]
MAP_VERTEX 274
275
3
2
1
273

[MAP_VISIBILITY_GRAPH]
MAP_VERTEX 275
270
3
2
274
276
269

[MAP_VISIBILITY_GRAPH]
MAP_VERTEX 276
277
279
96
267
269
270
275

[MAP_VISIBILITY_GRAPH]
MAP_VERTEX 277
279
190
267
268
269
276
278

[MAP_VISIBILITY_GRAPH]
MAP_VERTEX 278
279
187
265
267
268
277

[MAP_VISIBILITY_GRAPH]
MAP_VERTEX 279
181
96
190
187
267
276
277
278
280
166
179
180

[MAP_VISIBILITY_GRAPH]
MAP_VERTEX 280
180
97
189
190
279
281
164
165
166
246
179

[MAP_VISIBILITY_GRAPH]
MAP_VERTEX 281
247
238
7
8
179
280
282
271
163
164
165

[MAP_VISIBILITY_GRAPH]
MAP_VERTEX 282
165
247
238
7
8
281
271
162
163

[MAP_VISIBILITY_GRAPH]
MAP_VERTEX 283
135
47
129
15
16
286
284
140
134

[MAP_VISIBILITY_GRAPH]
MAP_VERTEX 284
134
33
128
129
283
285
173
71
72
73
139
140

[MAP_VISIBILITY_GRAPH]
MAP_VERTEX 285
286
77
36
37
293
152
153
154
142
143
81
172
173
71
72
74
21
307
139
284

[MAP_VISIBILITY_GRAPH]
MAP_VERTEX 286
135
129
15
16
77
36
37
293
152
153
82
145
100
101
171
172
48
71
285
283

[MAP_VISIBILITY_GRAPH]
MAP_VERTEX 287
0
257
258
306
307
75
70
292
288
1

[MAP_VISIBILITY_GRAPH]
MAP_VERTEX 288
0
287
289
170
167
168
1

[MAP_VISIBILITY_GRAPH]
MAP_VERTEX 289
290
291
292
307
74
22
23
17
170
167
168
1
288

[MAP_VISIBILITY_GRAPH]
MAP_VERTEX 290
291
22
17
289

[MAP_VISIBILITY_GRAPH]
MAP_VERTEX 291
292
75
117
21
22
167
289
290

[MAP_VISIBILITY_GRAPH]
MAP_VERTEX 292
257
258
306
307
75
70
117
118
20
21
22
168
289
291
287

[MAP_VISIBILITY_GRAPH]
MAP_VERTEX 293
131
208
209
76
37
38
236
237
296
294
156
152
72
285
286
16
14
129
130

[MAP_VISIBILITY_GRAPH]
MAP_VERTEX 294
130
293
295
144
141
155
156
152

[MAP_VISIBILITY_GRAPH]
MAP_VERTEX 295
296
237
228
144
141
142
171
155
156
294

[MAP_VISIBILITY_GRAPH]
MAP_VERTEX 296
131
37
38
39
235
236
237
228
80
144
295
293

[MAP_VISIBILITY_GRAPH]
MAP_VERTEX 297
54
112
113
108
3
299
298
11
12
213
52
53

[MAP_VISIBILITY_GRAPH]
MAP_VERTEX 298
299
3
2
11
12
52
297

[MAP_VISIBILITY_GRAPH]
MAP_VERTEX 299
108
3
2
298
297
213
52
53
113

[MAP_VISIBILITY_GRAPH]
MAP_VERTEX 300
19
119
120
121
5
251
252
243
125
122
123
303
301

[MAP_VISIBILITY_GRAPH]
MAP_VERTEX 301
19
120
121
251
300
302
169
170
167
18

[MAP_VISIBILITY_GRAPH]
MAP_VERTEX 302
170
18
301
303
2
1
169

[MAP_VISIBILITY_GRAPH]
MAP_VERTEX 303
300
121
252
122
123
2
1
302

[MAP_VISIBILITY_GRAPH]
MAP_VERTEX 304
260
262
43
138
139
154
228
172
72
74
75
307
305

[MAP_VISIBILITY_GRAPH]
MAP_VERTEX 305
260
138
139
72
304
306
258
259

[MAP_VISIBILITY_GRAPH]
MAP_VERTEX 306
259
305
307
49
116
117
292
287
258

[MAP_VISIBILITY_GRAPH]
MAP_VERTEX 307
304
139
285
153
74
75
49
116
117
21
22
1
289
292
287
306

[MAP_VISIBILITY_GRAPH]
CITY_VERTEX 0
286
153
154
142
143
81
82
91
92
100
101
98
221
8
9
4
50
51
48
70
173
171
172
285

[MAP_VISIBILITY_GRAPH]
CITY_VERTEX 1
0
24
25
185
186
31
32
42
43
263
257
287
288
168
1

[MAP_VISIBILITY_GRAPH]
CITY_VERTEX 2
184
177
202
203
127
128
135
136
137
44
46
47
33
28
29
183

[MAP_VISIBILITY_GRAPH]
CITY_VERTEX 3
260
262
43
137
138
139
72
73
74
304
305
258
259

[MAP_VISIBILITY_GRAPH]
CITY_VERTEX 4
262
44
127
128
135
137
138
73
260
261

[MAP_VISIBILITY_GRAPH]
CITY_VERTEX 5
0
24
25
185
186
182
31
32
33
131
127
128
47
42
43
263
257
287
288
168
1

[MAP_VISIBILITY_GRAPH]
CITY_VERTEX 6
0
24
25
185
186
182
31
32
33
131
127
42
43
263
257
287
288
168
1

[MAP_VISIBILITY_GRAPH]
CITY_VERTEX 7
43
44
136
137
138
304
260
262
263

[MAP_VISIBILITY_GRAPH]
CITY_VERTEX 8
45
46
47
33
28
183
184
177
202
203
127
128
135
136
137
261
262
44

[MAP_VISIBILITY_GRAPH]
CITY_VERTEX 9
186
182
29
30
31

[MAP_VISIBILITY_GRAPH]
CITY_VERTEX 10
32
33
28
183
184
177
202
203
127
128
134
135
136
137
44
46
47
42

[MAP_VISIBILITY_GRAPH]
CITY_VERTEX 11
28
183
203
204
207
131
132
133
126
127
42
33

[MAP_VISIBILITY_GRAPH]
CITY_VERTEX 12
201
25
26
177
76
77
34
35
36
37
293
152
153
172
71
72
285
286
16
14
130
131
132
208
209

[MAP_VISIBILITY_GRAPH]
CITY_VERTEX 13
0
24
25
26
177
174
76
201
202
184
185
186
31
32
42
43
263
257
287
288
168
1

[MAP_VISIBILITY_GRAPH]
CITY_VERTEX 14
0
3
110
111
67
102
103
78
79
175
176
26
27
24

[MAP_VISIBILITY_GRAPH]
CITY_VERTEX 15
25
26
27
176
177
174
76
201
202
184
185

[MAP_VISIBILITY_GRAPH]
CITY_VERTEX 16
257
258
306
307
75
70
49
116
117
118
20
292
287

[MAP_VISIBILITY_GRAPH]
CITY_VERTEX 17
140
134
129
15
283
284
285
143
81
172
173
71
72
73
139

[MAP_VISIBILITY_GRAPH]
CITY_VERTEX 18
205
206
207
132
133
204

[MAP_VISIBILITY_GRAPH]
CITY_VERTEX 19
286
129
15
16
153
154
228
217
141
142
143
81
82
100
101
98
220
171
172
72
74
307
304
139
285

[MAP_VISIBILITY_GRAPH]
CITY_VERTEX 20
135
47
33
128
129
130
37
38
293
14
15
16
153
82
145
91
100
286
283
284
73
134

[MAP_VISIBILITY_GRAPH]
CITY_VERTEX 21
209
174
175
76
77
34
36
37
293
152
153
172
71
72
285
286
16
14
130
131
132
133
207
208

[MAP_VISIBILITY_GRAPH]
CITY_VERTEX 22
0
3
110
111
67
102
103
104
105
63
232
233
41
34
78
79
76
209
201
174
175
176
27
24

[MAP_VISIBILITY_GRAPH]
CITY_VERTEX 23
0
3
110
111
67
68
61
106
102
103
34
208
77
78
79
175
176
27
24

[MAP_VISIBILITY_GRAPH]
CITY_VERTEX 24
260
138
139
72
73
74
304
305
306
258
259

[MAP_VISIBILITY_GRAPH]
CITY_VERTEX 25
290
291
292
307
153
74
22
23
17
170
167
168
1
289

[MAP_VISIBILITY_GRAPH]
CITY_VERTEX 26
114
115
116
70
49
50
143
4
5
6
238
239
240
241
242
244
250
251
300
301
167
18
121

[MAP_VISIBILITY_GRAPH]
CITY_VERTEX 27
144
296
235
236
228
229
90
80
81
143

[MAP_VISIBILITY_GRAPH]
CITY_VERTEX 28
71
172
173
143
144
90
81
101
51
48
49
115
116
70

[MAP_VISIBILITY_GRAPH]
CITY_VERTEX 29
0
24
25
185
186
31
32
42
43
263
257
287
288
289
307
153
74
22
23
17
167
168
169
302
303
123
124
244
245
161
162
271
273
274
2
1

[MAP_VISIBILITY_GRAPH]
CITY_VERTEX 30
260
138
139
285
153
154
172
72
73
74
75
117
21
307
304
305
259

[MAP_VISIBILITY_GRAPH]
CITY_VERTEX 31
21
118
119
120
252
122
300
301
169
19
20

[MAP_VISIBILITY_GRAPH]
CITY_VERTEX 32
257
258
306
307
304
139
74
75
70
49
116
117
21
22
289
291
292
287

[MAP_VISIBILITY_GRAPH]
CITY_VERTEX 33
300
252
249
250
242
243
244
124
125
122

[MAP_VISIBILITY_GRAPH]
CITY_VERTEX 34
168
169
170
18
302
303
121
252
122
123
124
244
245
161
162
271
273
274
2
1

[MAP_VISIBILITY_GRAPH]
CITY_VERTEX 35
168
169
302
303
123
124
244
245
161
162
271
273
274
2
1

[MAP_VISIBILITY_GRAPH]
CITY_VERTEX 36
50
143
101
98
221
8
9
4
5
250
251
252
115
49

[MAP_VISIBILITY_GRAPH]
CITY_VERTEX 37
168
169
302
303
123
124
244
245
161
162
271
273
274
2
1

[MAP_VISIBILITY_GRAPH]
CITY_VERTEX 38
288
289
23
17
18
301
170
167
168
1

[MAP_VISIBILITY_GRAPH]
CITY_VERTEX 39
19
119
120
121
251
252
300
301
169
170
18

[MAP_VISIBILITY_GRAPH]
CITY_VERTEX 40
152
130
294
295
228
218
90
144
141
142
48
116
173
171
172
154
155
156

[MAP_VISIBILITY_GRAPH]
CITY_VERTEX 41
8
51
221
222
179
281
282
271
163
165
247
238
239
6
7

[MAP_VISIBILITY_GRAPH]
CITY_VERTEX 42
51
171
153
154
142
143
144
216
90
101
98
99
219
220
221
271
163
165
247
238
7
8
9
4
50

[MAP_VISIBILITY_GRAPH]
CITY_VERTEX 43
168
169
302
303
123
124
244
245
161
162
163
281
282
271
272
273
274
2
1

[MAP_VISIBILITY_GRAPH]
CITY_VERTEX 44
165
223
226
179
180
97
189
190
280
281
282
163
164

[MAP_VISIBILITY_GRAPH]
CITY_VERTEX 45
168
169
302
303
123
124
244
245
246
247
94
95
166
161
162
271
273
274
2
1

[MAP_VISIBILITY_GRAPH]
CITY_VERTEX 46
223
226
227
94
95
178
179
165
166
245
247
248
222

[MAP_VISIBILITY_GRAPH]
CITY_VERTEX 47
165
247
238
7
8
51
221
222
179
180
97
280
281
282
271
163
164

[MAP_VISIBILITY_GRAPH]
CITY_VERTEX 48
188
91
254
86
151
157
158
159
264
265
266
267
187

[MAP_VISIBILITY_GRAPH]
CITY_VERTEX 49
91
145
146
147
196
197
199
200
10
11
298
299
108
110
3
2
274
275
270
264
159
160
157
97

[MAP_VISIBILITY_GRAPH]
CITY_VERTEX 50
87
217
218
210
211
212
193
194
195
196
147
149
150
151
91
92
253
254
255
84
86

[MAP_VISIBILITY_GRAPH]
CITY_VERTEX 51
100
286
153
82
83
256
253
254
86
151
145
160
157
265
266
188
189
280
164
180
97
91
92
227
219
99

[MAP_VISIBILITY_GRAPH]
CITY_VERTEX 52
275
270
264
159
160
146
147
197
199
200
10
11
298
299
108
110
3
2
274

[MAP_VISIBILITY_GRAPH]
CITY_VERTEX 53
279
190
187
267
268
269
276
277
278

[MAP_VISIBILITY_GRAPH]
CITY_VERTEX 54
270
264
159
160
146
147
197
199
200
10
11
298
299
108
110
3
2
274
275
269

[MAP_VISIBILITY_GRAPH]
CITY_VERTEX 55
223
225
95
96
97
145
157
189
190
187
267
279
280
180
181
178

[MAP_VISIBILITY_GRAPH]
CITY_VERTEX 56
225
226
227
253
150
151
92
94
95
178
179
165
166
247
222
223
224

[MAP_VISIBILITY_GRAPH]
CITY_VERTEX 57
87
229
217
218
210
211
212
53
113
12
193
194
195
196
147
149
150
151
91
92
253
254
86

[MAP_VISIBILITY_GRAPH]
CITY_VERTEX 58
227
83
84
256
253
92
93
94
226

[MAP_VISIBILITY_GRAPH]
CITY_VERTEX 59
39
40
105
106
61
62
233
235
236
296
38

[MAP_VISIBILITY_GRAPH]
CITY_VERTEX 60
144
296
235
236
228
229
231
64
216
90
80
81
101
51
48
70
173
143

[MAP_VISIBILITY_GRAPH]
CITY_VERTEX 61
131
37
38
236
237
228
144
141
295
296
293
130

[MAP_VISIBILITY_GRAPH]
CITY_VERTEX 62
152
130
131
208
209
293
294
295
228
90
144
141
155
156

[MAP_VISIBILITY_GRAPH]
CITY_VERTEX 63
0
3
110
111
55
56
229
64
65
66
67
61
106
107
102
103
78
79
175
176
27
24

[MAP_VISIBILITY_GRAPH]
CITY_VERTEX 64
0
3
110
111
112
113
297
54
55
67
68
69
61
39
40
105
106
107
102
103
78
79
175
176
27
24

[MAP_VISIBILITY_GRAPH]
CITY_VERTEX 65
233
41
34
78
104
105
106
62
63
64
58
59
60
13
214
231
232

[MAP_VISIBILITY_GRAPH]
CITY_VERTEX 66
230
231
64
56
57
58
214
216
217
88
89
90
229

[MAP_VISIBILITY_GRAPH]
CITY_VERTEX 67
84
85
86
195
196
255
256
227
83

[MAP_VISIBILITY_GRAPH]
CITY_VERTEX 68
198
199
197

[MAP_VISIBILITY_GRAPH]
CITY_VERTEX 69
110
3
2
274
275
270
264
159
160
146
147
197
199
200
10
11
298
299
297
12
212
213
52
53
113
108
109

[MAP_VISIBILITY_GRAPH]
CITY_VERTEX 70
149
85
86
196
197
198
199
200
10
11
298
299
108
110
3
2
274
275
270
264
159
160
146
147
148

[MAP_VISIBILITY_GRAPH]
CITY_VERTEX 71
214
60
52
53
113
108
299
297
298
12
13
200
192
193
92
253
212
213

[MAP_VISIBILITY_GRAPH]
CITY_VERTEX 72
53
297
298
299
108
110
3
2
274
275
270
264
159
160
146
147
197
199
200
10
11
12
52

[MAP_VISIBILITY_GRAPH]
CITY_VERTEX 73
200
192
60
52
13
10
11
298
299
108
110
3
2
274
275
270
264
159
160
146
147
197
199

[MAP_VISIBILITY_GRAPH]
CITY_VERTEX 74
54
55
67
112
113
299
297
12
193
86
210
212
53

[MAP_VISIBILITY_GRAPH]
CITY_VERTEX 75
233
63
64
57
58
59
60
214
215
216
231
232

[MAP_VISIBILITY_GRAPH]
CITY_VERTEX 76
40
41
104
105
233
234
235
39

[CITY_VISIBILITY]
CITY_VERTEX 0
17
19
26
28
36
42
51

[CITY_VISIBILITY]
CITY_VERTEX 1
5
6
13
29

[CITY_VISIBILITY]
CITY_VERTEX 2
8
10

[CITY_VISIBILITY]
CITY_VERTEX 3
7
24
30

[CITY_VISIBILITY]
CITY_VERTEX 4
8
10
30

[CITY_VISIBILITY]
CITY_VERTEX 5
1
6
10
11
13
29

[CITY_VISIBILITY]
CITY_VERTEX 6
1
5
10
11
13
29

[CITY_VISIBILITY]
CITY_VERTEX 7
3

[CITY_VISIBILITY]
CITY_VERTEX 8
2
4
10

[CITY_VISIBILITY]
CITY_VERTEX 9
13

[CITY_VISIBILITY]
CITY_VERTEX 10
2
4
5
6
8
20

[CITY_VISIBILITY]
CITY_VERTEX 11
5
6

[CITY_VISIBILITY]
CITY_VERTEX 12
15
21
23

[CITY_VISIBILITY]
CITY_VERTEX 13
1
5
6
9
15
29

[CITY_VISIBILITY]
CITY_VERTEX 14
22
23
63
64

[CITY_VISIBILITY]
CITY_VERTEX 15
12
13

[CITY_VISIBILITY]
CITY_VERTEX 16
32

[CITY_VISIBILITY]
CITY_VERTEX 17
0

[CITY_VISIBILITY]
CITY_VERTEX 18

[CITY_VISIBILITY]
CITY_VERTEX 19
0
30

[CITY_VISIBILITY]
CITY_VERTEX 20
0
10
51

[CITY_VISIBILITY]
CITY_VERTEX 21
12
28

[CITY_VISIBILITY]
CITY_VERTEX 22
14
23
63
64
65

[CITY_VISIBILITY]
CITY_VERTEX 23
12
14
22
63
64

[CITY_VISIBILITY]
CITY_VERTEX 24
3
30

[CITY_VISIBILITY]
CITY_VERTEX 25
29
38

[CITY_VISIBILITY]
CITY_VERTEX 26
0
28
36

[CITY_VISIBILITY]
CITY_VERTEX 27
60

[CITY_VISIBILITY]
CITY_VERTEX 28
0
21
26
60

[CITY_VISIBILITY]
CITY_VERTEX 29
1
5
6
13
25
34
35
37
38
43
45

[CITY_VISIBILITY]
CITY_VERTEX 30
3
4
19
24
32

[CITY_VISIBILITY]
CITY_VERTEX 31
39

[CITY_VISIBILITY]
CITY_VERTEX 32
16
30

[CITY_VISIBILITY]
CITY_VERTEX 33

[CITY_VISIBILITY]
CITY_VERTEX 34
29
35
37
43
45

[CITY_VISIBILITY]
CITY_VERTEX 35
29
34
37
43
45

[CITY_VISIBILITY]
CITY_VERTEX 36
0
26

[CITY_VISIBILITY]
CITY_VERTEX 37
29
34
35
43
45

[CITY_VISIBILITY]
CITY_VERTEX 38
25
29

[CITY_VISIBILITY]
CITY_VERTEX 39
31

[CITY_VISIBILITY]
CITY_VERTEX 40
62

[CITY_VISIBILITY]
CITY_VERTEX 41
42
47

[CITY_VISIBILITY]
CITY_VERTEX 42
0
41
47
51
60

[CITY_VISIBILITY]
CITY_VERTEX 43
29
34
35
37
45
47

[CITY_VISIBILITY]
CITY_VERTEX 44
46
47
51
56

[CITY_VISIBILITY]
CITY_VERTEX 45
29
34
35
37
43

[CITY_VISIBILITY]
CITY_VERTEX 46
44
56

[CITY_VISIBILITY]
CITY_VERTEX 47
41
42
43
44
51

[CITY_VISIBILITY]
CITY_VERTEX 48
51

[CITY_VISIBILITY]
CITY_VERTEX 49
52
54
69
70
72
73

[CITY_VISIBILITY]
CITY_VERTEX 50
57
67
70
71

[CITY_VISIBILITY]
CITY_VERTEX 51
0
20
42
44
47
48

[CITY_VISIBILITY]
CITY_VERTEX 52
49
54
69
70
72
73

[CITY_VISIBILITY]
CITY_VERTEX 53

[CITY_VISIBILITY]
CITY_VERTEX 54
49
52
69
70
72
73

[CITY_VISIBILITY]
CITY_VERTEX 55

[CITY_VISIBILITY]
CITY_VERTEX 56
44
46
58

[CITY_VISIBILITY]
CITY_VERTEX 57
50
74

[CITY_VISIBILITY]
CITY_VERTEX 58
56

[CITY_VISIBILITY]
CITY_VERTEX 59
61

[CITY_VISIBILITY]
CITY_VERTEX 60
0
27
28
42

[CITY_VISIBILITY]
CITY_VERTEX 61
59

[CITY_VISIBILITY]
CITY_VERTEX 62
40

[CITY_VISIBILITY]
CITY_VERTEX 63
14
22
23
64
69

[CITY_VISIBILITY]
CITY_VERTEX 64
14
22
23
63
74

[CITY_VISIBILITY]
CITY_VERTEX 65
22
75

[CITY_VISIBILITY]
CITY_VERTEX 66

[CITY_VISIBILITY]
CITY_VERTEX 67
50

[CITY_VISIBILITY]
CITY_VERTEX 68
70
73

[CITY_VISIBILITY]
CITY_VERTEX 69
49
52
54
63
70
71
72
73

[CITY_VISIBILITY]
CITY_VERTEX 70
49
50
52
54
68
69
72
73

[CITY_VISIBILITY]
CITY_VERTEX 71
50
69
73

[CITY_VISIBILITY]
CITY_VERTEX 72
49
52
54
69
70
73

[CITY_VISIBILITY]
CITY_VERTEX 73
49
52
54
68
69
70
71
72

[CITY_VISIBILITY]
CITY_VERTEX 74
57
64

[CITY_VISIBILITY]
CITY_VERTEX 75
65

[CITY_VISIBILITY]
CITY_VERTEX 76

