[INFO]
FORMAT=MAP_POINTS
NAME=tspnn/m3/rds-dinf-i0-depot0/m3-part.txt
VERSION=1.0
COMMENT=Load from simple-txt file 'old_maps/src/m3.txt'
COMMENT=Collinear points has been removed by the 'tmap_convert.cc' ver. 0.5
COMMENT=Created from file 'old_maps/src/m3.txt' by program ./tmap_convert version 0.5
COMMENT=Created from file 'src/m3-rds-dinf-i0-depot0/map.txt' by program ../map_tools/tmap_convert version 0.5
COMMENT=Convex partition created by map_partition.cc

[MAP_POINTS]
0 10 10
1 10 490
2 490 490
3 490 10
4 239.473684 344.736842
5 239.473684 365.789474
6 281.578947 365.789474
7 281.578947 344.736842
8 260.526316 323.684211
9 260.526316 344.736842
10 450 155.263158
11 450 134.210526
12 407.894737 134.210526
13 428.947368 155.263158
14 176.315789 197.368421
15 155.263158 218.421053
16 176.315789 218.421053
17 92.105263 407.894737
18 134.210526 407.894737
19 155.263158 386.842105
20 134.210526 386.842105
21 113.157895 365.789474
22 92.105263 386.842105
23 113.157895 386.842105
24 50 50
25 50 71.052632
26 71.052632 71.052632
27 71.052632 50
28 92.105263 134.210526
29 71.052632 134.210526
30 71.052632 155.263158
31 50 155.263158
32 50 176.315789
33 92.105263 176.315789
34 218.421053 71.052632
35 218.421053 113.157895
36 197.368421 113.157895
37 197.368421 155.263158
38 218.421053 155.263158
39 218.421053 134.210526
40 239.473684 113.157895
41 239.473684 92.105263
42 50 197.368421
43 50 239.473684
44 92.105263 239.473684
45 71.052632 218.421053
46 92.105263 218.421053
47 92.105263 197.368421
48 218.421053 302.631579
49 218.421053 344.736842
50 239.473684 323.684211
51 239.473684 281.578947
52 386.842105 134.210526
53 407.894737 113.157895
54 407.894737 92.105263
55 386.842105 71.052632
56 365.789474 92.105263
57 386.842105 92.105263
58 365.789474 113.157895
59 386.842105 113.157895
60 365.789474 134.210526
61 302.631579 71.052632
62 281.578947 92.105263
63 281.578947 113.157895
64 344.736842 113.157895
65 344.736842 92.105263
66 365.789474 71.052632
67 365.789474 50
68 323.684211 92.105263
69 302.631579 92.105263
70 197.368421 323.684211
71 197.368421 281.578947
72 176.315789 281.578947
73 176.315789 302.631579
74 155.263158 302.631579
75 155.263158 323.684211
76 176.315789 92.105263
77 197.368421 92.105263
78 197.368421 50
79 176.315789 50
80 302.631579 239.473684
81 281.578947 239.473684
82 302.631579 260.526316
83 323.684211 260.526316
84 323.684211 239.473684
85 344.736842 218.421053
86 365.789474 218.421053
87 344.736842 197.368421
88 323.684211 197.368421
89 323.684211 218.421053
90 302.631579 197.368421
91 386.842105 281.578947
92 365.789474 281.578947
93 365.789474 302.631579
94 344.736842 302.631579
95 344.736842 323.684211
96 365.789474 323.684211
97 386.842105 302.631579
98 260.526316 281.578947
99 281.578947 281.578947
100 281.578947 260.526316
101 260.526316 260.526316
102 260.526316 50
103 239.473684 50
104 239.473684 71.052632
105 260.526316 92.105263
106 281.578947 71.052632
107 260.526316 71.052632
108 450 71.052632
109 428.947368 71.052632
110 450 50
111 407.894737 50
112 407.894737 71.052632
113 428.947368 92.105263
114 176.315789 365.789474
115 218.421053 365.789474
116 197.368421 344.736842
117 134.210526 344.736842
118 134.210526 365.789474
119 155.263158 365.789474
120 176.315789 386.842105
121 197.368421 386.842105
122 197.368421 428.947368
123 197.368421 450
124 260.526316 450
125 260.526316 428.947368
126 134.210526 197.368421
127 113.157895 176.315789
128 113.157895 197.368421
129 134.210526 218.421053
130 176.315789 176.315789
131 176.315789 155.263158
132 155.263158 176.315789
133 134.210526 176.315789
134 134.210526 239.473684
135 113.157895 218.421053
136 113.157895 260.526316
137 92.105263 260.526316
138 113.157895 281.578947
139 155.263158 281.578947
140 134.210526 260.526316
141 260.526316 218.421053
142 239.473684 239.473684
143 260.526316 239.473684
144 281.578947 218.421053
145 407.894737 281.578947
146 450 281.578947
147 450 260.526316
148 407.894737 260.526316
149 407.894737 239.473684
150 386.842105 239.473684
151 386.842105 260.526316
152 197.368421 197.368421
153 197.368421 239.473684
154 218.421053 239.473684
155 239.473684 218.421053
156 218.421053 218.421053
157 407.894737 302.631579
158 428.947368 323.684211
159 450 323.684211
160 450 302.631579
161 323.684211 450
162 365.789474 450
163 365.789474 428.947368
164 344.736842 428.947368
165 344.736842 407.894737
166 323.684211 407.894737
167 71.052632 428.947368
168 50 450
169 134.210526 450
170 134.210526 428.947368
171 218.421053 260.526316
172 197.368421 260.526316
173 218.421053 281.578947
174 155.263158 71.052632
175 155.263158 50
176 92.105263 50
177 92.105263 71.052632
178 344.736842 344.736842
179 344.736842 386.842105
180 365.789474 365.789474
181 365.789474 344.736842
182 71.052632 113.157895
183 92.105263 113.157895
184 92.105263 92.105263
185 50 92.105263
186 50 134.210526
187 407.894737 365.789474
188 407.894737 323.684211
189 386.842105 323.684211
190 386.842105 344.736842
191 407.894737 176.315789
192 407.894737 155.263158
193 386.842105 176.315789
194 386.842105 197.368421
195 407.894737 197.368421
196 407.894737 218.421053
197 450 218.421053
198 428.947368 197.368421
199 450 197.368421
200 450 176.315789
201 155.263158 92.105263
202 113.157895 92.105263
203 113.157895 155.263158
204 134.210526 155.263158
205 134.210526 113.157895
206 155.263158 113.157895
207 155.263158 155.263158
208 176.315789 134.210526
209 176.315789 113.157895
210 365.789474 197.368421
211 365.789474 176.315789
212 386.842105 155.263158
213 365.789474 155.263158
214 344.736842 134.210526
215 344.736842 155.263158
216 323.684211 155.263158
217 323.684211 176.315789
218 344.736842 176.315789
219 302.631579 281.578947
220 281.578947 302.631579
221 260.526316 302.631579
222 323.684211 365.789474
223 323.684211 323.684211
224 302.631579 323.684211
225 302.631579 302.631579
226 323.684211 302.631579
227 344.736842 281.578947
228 281.578947 197.368421
229 302.631579 176.315789
230 302.631579 155.263158
231 323.684211 134.210526
232 281.578947 134.210526
233 260.526316 113.157895
234 260.526316 134.210526
235 239.473684 134.210526
236 260.526316 155.263158
237 281.578947 155.263158
238 302.631579 365.789474
239 281.578947 386.842105
240 260.526316 386.842105
241 281.578947 407.894737
242 260.526316 407.894737
243 281.578947 428.947368
244 281.578947 450
245 302.631579 450
246 302.631579 407.894737
247 323.684211 386.842105
248 302.631579 386.842105
249 239.473684 407.894737
250 239.473684 386.842105
251 218.421053 386.842105
252 197.368421 407.894737
253 365.789474 260.526316
254 365.789474 239.473684
255 344.736842 239.473684
256 344.736842 260.526316
257 50 323.684211
258 71.052632 323.684211
259 71.052632 302.631579
260 92.105263 281.578947
261 71.052632 281.578947
262 71.052632 260.526316
263 50 260.526316
264 450 344.736842
265 428.947368 344.736842
266 428.947368 365.789474
267 407.894737 386.842105
268 428.947368 386.842105
269 428.947368 407.894737
270 450 386.842105
271 386.842105 450
272 407.894737 428.947368
273 407.894737 450
274 450 450
275 450 407.894737
276 428.947368 428.947368
277 407.894737 407.894737
278 386.842105 407.894737
279 386.842105 365.789474
280 365.789474 386.842105
281 365.789474 407.894737
282 386.842105 428.947368
283 155.263158 239.473684
284 155.263158 260.526316
285 176.315789 260.526316
286 176.315789 239.473684
287 50 344.736842
288 50 407.894737
289 71.052632 407.894737
290 71.052632 365.789474
291 92.105263 365.789474
292 113.157895 344.736842
293 197.368421 176.315789
294 218.421053 197.368421
295 260.526316 197.368421
296 260.526316 176.315789
297 428.947368 113.157895
298 450 113.157895
299 450 92.105263
300 176.315789 407.894737
301 155.263158 407.894737
302 155.263158 450
303 176.315789 450
304 134.210526 302.631579
305 92.105263 302.631579
306 92.105263 323.684211
307 134.210526 323.684211

[MAP_BORDER]
3
2
1
0

[MAP_OBSTACLE]
4
5
6
7
8
9

[MAP_OBSTACLE]
10
11
12
13

[MAP_OBSTACLE]
14
15
16

[MAP_OBSTACLE]
17
18
19
20
21
22
23

[MAP_OBSTACLE]
24
25
26
27

[MAP_OBSTACLE]
28
29
30
31
32
33

[MAP_OBSTACLE]
34
35
36
37
38
39
40
41

[MAP_OBSTACLE]
42
43
44
45
46
47

[MAP_OBSTACLE]
48
49
50
51

[MAP_OBSTACLE]
52
53
54
55
56
57
58
59
60

[MAP_OBSTACLE]
61
62
63
64
65
66
67
68
69

[MAP_OBSTACLE]
70
71
72
73
74
75

[MAP_OBSTACLE]
76
77
78
79

[MAP_OBSTACLE]
80
81
82
83
84
85
86
87
88
89
90

[MAP_OBSTACLE]
91
92
93
94
95
96
97

[MAP_OBSTACLE]
98
99
100
101

[MAP_OBSTACLE]
102
103
104
105
106
107

[MAP_OBSTACLE]
108
109
110
111
112
113

[MAP_OBSTACLE]
114
115
116
117
118
119
120
121

[MAP_OBSTACLE]
122
123
124
125

[MAP_OBSTACLE]
126
127
128
129
130
131
132
133

[MAP_OBSTACLE]
134
135
136
137
138
139
140

[MAP_OBSTACLE]
141
142
143
144

[MAP_OBSTACLE]
145
146
147
148
149
150
151

[MAP_OBSTACLE]
152
153
154
155
156

[MAP_OBSTACLE]
157
158
159
160

[MAP_OBSTACLE]
161
162
163
164
165
166

[MAP_OBSTACLE]
167
168
169
170

[MAP_OBSTACLE]
171
172
173

[MAP_OBSTACLE]
174
175
176
177

[MAP_OBSTACLE]
178
179
180
181

[MAP_OBSTACLE]
182
183
184
185
186

[MAP_OBSTACLE]
187
188
189
190

[MAP_OBSTACLE]
191
192
193
194
195
196
197
198
199
200

[MAP_OBSTACLE]
201
202
203
204
205
206
207
208
209

[MAP_OBSTACLE]
210
211
212
213
214
215
216
217
218

[MAP_OBSTACLE]
219
220
221
222
223
224
225
226
227

[MAP_OBSTACLE]
228
229
230
231
232
233
234
235
236
237

[MAP_OBSTACLE]
238
239
240
241
242
243
244
245
246
247
248

[MAP_OBSTACLE]
249
250
251
252

[MAP_OBSTACLE]
253
254
255
256

[MAP_OBSTACLE]
257
258
259
260
261
262
263

[MAP_OBSTACLE]
264
265
266
267
268
269
270

[MAP_OBSTACLE]
271
272
273
274
275
276
277
278
279
280
281
282

[MAP_OBSTACLE]
283
284
285
286

[MAP_OBSTACLE]
287
288
289
290
291
292

[MAP_OBSTACLE]
293
294
295
296

[MAP_OBSTACLE]
297
298
299

[MAP_OBSTACLE]
300
301
302
303

[MAP_OBSTACLE]
304
305
306
307


[MAP_CONVEX_REGION]
REGION_LABEL 0
0
3
110
111
67
102
103
78
79
175
176
27
24

[MAP_CONVEX_REGION]
REGION_LABEL 1
0
24
25
185
186
31
32
42
43
263
257
287
288
168
1

[MAP_CONVEX_REGION]
REGION_LABEL 2
3
2
274
275
270
264
159
160
146
147
197
199
200
10
11
298
299
108
110

[MAP_CONVEX_REGION]
REGION_LABEL 3
2
1
168
169
302
303
123
124
244
245
161
162
271
273
274

[MAP_CONVEX_REGION]
REGION_LABEL 4
4
5
115
49
50

[MAP_CONVEX_REGION]
REGION_LABEL 5
4
50
51
221
8
9

[MAP_CONVEX_REGION]
REGION_LABEL 6
5
6
239
240
250
251
121
114
115

[MAP_CONVEX_REGION]
REGION_LABEL 7
6
7
238
239

[MAP_CONVEX_REGION]
REGION_LABEL 8
7
8
221
222
247
238

[MAP_CONVEX_REGION]
REGION_LABEL 9
10
200
191
192
13

[MAP_CONVEX_REGION]
REGION_LABEL 10
11
12
52
53
297
298

[MAP_CONVEX_REGION]
REGION_LABEL 11
12
13
192
212
213
214
60
52

[MAP_CONVEX_REGION]
REGION_LABEL 12
14
15
129
130

[MAP_CONVEX_REGION]
REGION_LABEL 13
14
130
293
152
153
286
16

[MAP_CONVEX_REGION]
REGION_LABEL 14
15
16
286
283
134
135
129

[MAP_CONVEX_REGION]
REGION_LABEL 15
17
18
170
167
289

[MAP_CONVEX_REGION]
REGION_LABEL 16
17
289
22
23

[MAP_CONVEX_REGION]
REGION_LABEL 17
18
19
301
302
169
170

[MAP_CONVEX_REGION]
REGION_LABEL 18
19
20
21
118
119
120

[MAP_CONVEX_REGION]
REGION_LABEL 19
19
120
121
251
252
300
301

[MAP_CONVEX_REGION]
REGION_LABEL 20
21
22
291
292
117

[MAP_CONVEX_REGION]
REGION_LABEL 21
21
117
118

[MAP_CONVEX_REGION]
REGION_LABEL 22
22
289
290
291

[MAP_CONVEX_REGION]
REGION_LABEL 23
25
26
184
185

[MAP_CONVEX_REGION]
REGION_LABEL 24
26
27
176
177
184

[MAP_CONVEX_REGION]
REGION_LABEL 25
28
29
182
183

[MAP_CONVEX_REGION]
REGION_LABEL 26
28
183
184
202
203
127
128
135
46
47
33

[MAP_CONVEX_REGION]
REGION_LABEL 27
29
30
31
186
182

[MAP_CONVEX_REGION]
REGION_LABEL 28
32
33
47
42

[MAP_CONVEX_REGION]
REGION_LABEL 29
34
35
36
77
78

[MAP_CONVEX_REGION]
REGION_LABEL 30
34
78
103
104
41

[MAP_CONVEX_REGION]
REGION_LABEL 31
36
37
131
208
209
76
77

[MAP_CONVEX_REGION]
REGION_LABEL 32
37
38
296
293
130
131

[MAP_CONVEX_REGION]
REGION_LABEL 33
38
39
235
236
296

[MAP_CONVEX_REGION]
REGION_LABEL 34
39
40
235

[MAP_CONVEX_REGION]
REGION_LABEL 35
40
41
104
105
233
234
235

[MAP_CONVEX_REGION]
REGION_LABEL 36
43
44
262
263

[MAP_CONVEX_REGION]
REGION_LABEL 37
44
45
46
135

[MAP_CONVEX_REGION]
REGION_LABEL 38
44
135
136
137
262

[MAP_CONVEX_REGION]
REGION_LABEL 39
48
49
115
116
70
71
173

[MAP_CONVEX_REGION]
REGION_LABEL 40
48
173
171
51

[MAP_CONVEX_REGION]
REGION_LABEL 41
51
171
154
142
143
101
98
221

[MAP_CONVEX_REGION]
REGION_LABEL 42
53
54
113
297

[MAP_CONVEX_REGION]
REGION_LABEL 43
54
55
112
113

[MAP_CONVEX_REGION]
REGION_LABEL 44
55
56
66
67
111

[MAP_CONVEX_REGION]
REGION_LABEL 45
55
111
112

[MAP_CONVEX_REGION]
REGION_LABEL 46
56
57
58
64
65

[MAP_CONVEX_REGION]
REGION_LABEL 47
56
65
66

[MAP_CONVEX_REGION]
REGION_LABEL 48
58
59
60
214
231
232
233
63
64

[MAP_CONVEX_REGION]
REGION_LABEL 49
61
62
106

[MAP_CONVEX_REGION]
REGION_LABEL 50
61
106
107
102
67

[MAP_CONVEX_REGION]
REGION_LABEL 51
61
67
68
69

[MAP_CONVEX_REGION]
REGION_LABEL 52
62
63
233
105
106

[MAP_CONVEX_REGION]
REGION_LABEL 53
70
116
117
292
287
257
258
306
307
75

[MAP_CONVEX_REGION]
REGION_LABEL 54
71
72
285
172
173

[MAP_CONVEX_REGION]
REGION_LABEL 55
72
73
74
139
284
285

[MAP_CONVEX_REGION]
REGION_LABEL 56
74
75
307
304
139

[MAP_CONVEX_REGION]
REGION_LABEL 57
76
209
201
174
175
79

[MAP_CONVEX_REGION]
REGION_LABEL 58
80
81
144
228
229
90

[MAP_CONVEX_REGION]
REGION_LABEL 59
81
82
100
101
143

[MAP_CONVEX_REGION]
REGION_LABEL 60
81
143
144

[MAP_CONVEX_REGION]
REGION_LABEL 61
82
83
227
219
99
100

[MAP_CONVEX_REGION]
REGION_LABEL 62
83
84
85
255
256
227

[MAP_CONVEX_REGION]
REGION_LABEL 63
85
86
150
254
255

[MAP_CONVEX_REGION]
REGION_LABEL 64
86
87
210
194
195
196
150

[MAP_CONVEX_REGION]
REGION_LABEL 65
87
88
217
218
210

[MAP_CONVEX_REGION]
REGION_LABEL 66
88
89
90
229
230
231
216
217

[MAP_CONVEX_REGION]
REGION_LABEL 67
91
92
253
151
145

[MAP_CONVEX_REGION]
REGION_LABEL 68
91
145
157
188
189
97

[MAP_CONVEX_REGION]
REGION_LABEL 69
92
93
94
227
256
253

[MAP_CONVEX_REGION]
REGION_LABEL 70
94
95
223
226
227

[MAP_CONVEX_REGION]
REGION_LABEL 71
95
96
181
178
223

[MAP_CONVEX_REGION]
REGION_LABEL 72
96
97
189
190
279
280
180
181

[MAP_CONVEX_REGION]
REGION_LABEL 73
98
99
219
220
221

[MAP_CONVEX_REGION]
REGION_LABEL 74
108
109
110

[MAP_CONVEX_REGION]
REGION_LABEL 75
108
299
297
113

[MAP_CONVEX_REGION]
REGION_LABEL 76
122
123
303
300
252

[MAP_CONVEX_REGION]
REGION_LABEL 77
122
252
249
242
243
125

[MAP_CONVEX_REGION]
REGION_LABEL 78
124
125
243
244

[MAP_CONVEX_REGION]
REGION_LABEL 79
126
127
203
204
133

[MAP_CONVEX_REGION]
REGION_LABEL 80
128
129
135

[MAP_CONVEX_REGION]
REGION_LABEL 81
131
132
207
208

[MAP_CONVEX_REGION]
REGION_LABEL 82
132
133
204
205
206
207

[MAP_CONVEX_REGION]
REGION_LABEL 83
134
283
284
139
140

[MAP_CONVEX_REGION]
REGION_LABEL 84
137
138
260
261
262

[MAP_CONVEX_REGION]
REGION_LABEL 85
138
139
304
305
260

[MAP_CONVEX_REGION]
REGION_LABEL 86
141
142
154
155
295
228

[MAP_CONVEX_REGION]
REGION_LABEL 87
141
228
144

[MAP_CONVEX_REGION]
REGION_LABEL 88
145
146
160
157

[MAP_CONVEX_REGION]
REGION_LABEL 89
147
148
149
197

[MAP_CONVEX_REGION]
REGION_LABEL 90
149
150
196
197

[MAP_CONVEX_REGION]
REGION_LABEL 91
150
151
253
254

[MAP_CONVEX_REGION]
REGION_LABEL 92
152
293
294
156

[MAP_CONVEX_REGION]
REGION_LABEL 93
153
154
171
172
285
286

[MAP_CONVEX_REGION]
REGION_LABEL 94
155
156
294
295

[MAP_CONVEX_REGION]
REGION_LABEL 95
157
158
188

[MAP_CONVEX_REGION]
REGION_LABEL 96
158
159
264
265
188

[MAP_CONVEX_REGION]
REGION_LABEL 97
161
245
246
247
166

[MAP_CONVEX_REGION]
REGION_LABEL 98
162
163
282
271

[MAP_CONVEX_REGION]
REGION_LABEL 99
163
164
165
281
282

[MAP_CONVEX_REGION]
REGION_LABEL 100
165
166
247
179
280
281

[MAP_CONVEX_REGION]
REGION_LABEL 101
167
168
288
289

[MAP_CONVEX_REGION]
REGION_LABEL 102
174
201
202
184
177

[MAP_CONVEX_REGION]
REGION_LABEL 103
178
179
247
222
223

[MAP_CONVEX_REGION]
REGION_LABEL 104
179
180
280

[MAP_CONVEX_REGION]
REGION_LABEL 105
187
188
265
266
267

[MAP_CONVEX_REGION]
REGION_LABEL 106
187
267
278
279
190

[MAP_CONVEX_REGION]
REGION_LABEL 107
192
193
212

[MAP_CONVEX_REGION]
REGION_LABEL 108
193
194
210
211
212

[MAP_CONVEX_REGION]
REGION_LABEL 109
197
198
199

[MAP_CONVEX_REGION]
REGION_LABEL 110
214
215
216
231

[MAP_CONVEX_REGION]
REGION_LABEL 111
223
224
225
226

[MAP_CONVEX_REGION]
REGION_LABEL 112
228
295
296
236
237

[MAP_CONVEX_REGION]
REGION_LABEL 113
238
247
248

[MAP_CONVEX_REGION]
REGION_LABEL 114
240
241
242
249
250

[MAP_CONVEX_REGION]
REGION_LABEL 115
258
259
260
305
306

[MAP_CONVEX_REGION]
REGION_LABEL 116
267
268
269
277
278

[MAP_CONVEX_REGION]
REGION_LABEL 117
269
270
275
276

[MAP_CONVEX_REGION]
REGION_LABEL 118
269
276
277

[MAP_CONVEX_REGION]
REGION_LABEL 119
271
272
273

