6450 4400
4562.000 8660.000
4860.000 2285.000
2375.000 8406.000
10977.000 7272.000
1816.000 2073.000
9044.000 5710.000
5968.000 8627.000
988.000 3904.000
13037.000 7273.000
2156.000 7135.000
4862.000 7829.000
4688.000 9728.000
2740.000 6026.000
7591.000 4565.000
8061.000 8626.000
4653.000 2077.000
9033.000 8716.000
3801.000 2065.000
8918.000 6091.000
1743.000 6026.000
4860.000 2699.000
4804.000 4563.000
9037.000 4182.000
10462.000 7244.000
8920.000 6920.000
3150.000 7135.000
8560.000 8076.000
3785.000 7135.000
991.000 4874.000
4367.000 9389.000
8896.000 9744.000
4863.000 4099.000
9033.000 7874.000
600.000 6026.000
997.000 5488.000
5653.000 4541.000
4076.000 6041.000
5069.000 8627.000
2849.000 2079.000
4861.000 3177.000
2337.000 9034.000
12388.000 7273.000
1737.000 7165.000
4498.000 7160.000
6423.000 8626.000
9837.000 7272.000
4626.000 6401.000
8915.000 4867.000
8547.000 4246.000
11559.000 7249.000
7017.000 4565.000
4627.000 5655.000
1414.000 2075.000
7767.000 9752.000
9033.000 9208.000
5291.000 9736.000
997.000 6673.000
7061.000 8656.000
985.000 3256.000
8489.000 8592.000
724.000 7139.000
2581.000 7165.000
4868.000 8264.000
2218.000 6045.000
7622.000 8656.000
9340.000 7272.000
213.000 6537.000
9031.000 2830.000
4822.000 6022.000
1042.000 5969.000
8186.000 9121.000
2423.000 9588.000
144.000 6031.000
994.000 4374.000
4367.000 4588.000
899.000 2095.000
4371.000 8925.000
4927.000 7201.000
2401.000 2071.000
5566.000 8627.000
4361.000 6753.000
4858.000 3679.000
5230.000 4541.000
3318.000 2067.000
9042.000 5274.000
8921.000 7355.000
4226.000 2077.000
8919.000 6492.000
11955.000 7273.000
9033.000 8279.000
612.000 6538.000
4858.000 1590.000
4609.000 6095.000
4615.500 5052.500
984.000 2834.500
6428.500 4564.500
9027.500 3490.000
3304.000 6027.500
4373.000 9986.500
8375.000 4569.500
1154.500 7131.000
8200.500 9576.000
2341.000 7766.500
8797.000 9165.500
