161.000 125.000
146.000 345.000
116.000 762.000
138.000 876.000
193.000 699.000
116.000 1172.000
191.000 1098.000
172.000 1442.000
116.000 1546.000
192.000 1610.000
116.000 1914.000
171.000 1823.000
192.000 1977.000
116.000 2224.000
403.000 2137.000
699.000 116.000
453.000 477.000
1200.000 1952.000
1135.000 897.000
404.000 1252.000
1691.000 1696.000
742.000 339.000
891.000 116.000
1535.000 116.000
1694.000 546.000
936.000 841.000
406.000 168.000
936.000 1684.000
559.000 191.000
403.000 1937.000
1899.000 309.000
995.000 334.000
1694.000 914.000
1698.000 394.000
1575.000 1027.000
842.000 1952.000
1202.000 334.000
1722.000 116.000
679.000 1952.000
1570.000 717.000
453.000 306.000
573.000 1812.000
451.000 1083.000
1336.000 116.000
1443.000 452.000
1691.000 1441.000
936.000 1210.000
1478.000 1955.000
404.000 1817.000
878.000 1778.000
1709.000 1893.000
406.000 589.000
404.000 1387.000
453.000 802.000
517.000 2045.000
1575.000 1215.000
1138.000 1091.000
1580.000 890.000
1387.000 559.000
1037.000 116.000
1343.000 334.000
1270.000 1314.000
644.000 241.000
1337.000 1962.000
1777.000 315.000
1451.000 1309.000
406.000 2238.000
1031.000 870.000
579.000 1965.000
492.000 116.000
779.000 1798.000
723.000 1054.000
657.000 969.000
723.000 1419.000
662.000 1307.000
723.000 654.000
665.000 567.000
891.000 2238.000
944.000 2151.000
994.000 542.000
936.000 635.000
1123.000 573.000
1231.000 2238.000
1385.000 2238.000
1301.000 2153.000
1759.000 2219.000
1671.000 2159.000
1977.000 1047.000
1889.000 1105.000
1977.000 1531.000
1941.000 667.000
1947.000 809.000
1975.000 2209.000
549.000 1842.000
1543.000 268.000
1707.000 192.000
1818.000 266.000
1083.000 182.000
723.000 225.000
1468.000 233.000
1200.000 174.000
852.000 188.000
1005.000 208.000
1586.000 426.000
1272.000 206.000
1443.000 418.000
1199.000 1775.000
1109.000 1511.000
1483.000 1443.000
1174.000 1747.000
1551.000 1409.000
1129.000 1458.000
1005.000 1135.000
1001.000 1345.000
1503.000 1574.000
1344.000 1549.000
1185.000 1437.000
950.000 1813.000
1173.000 1659.000
1016.000 1766.000
1377.000 1744.000
1089.000 1891.000
1552.000 1593.000
1639.000 1875.000
1481.000 1872.000
1081.000 1034.000
1308.000 1385.000
1322.000 1686.000
1492.000 1694.000
1092.000 1646.000
1197.000 1622.000
1249.000 1515.000
1120.000 1358.000
1032.000 1235.000
1591.000 1312.000
1593.000 1502.000
1380.000 1452.000
1405.000 1625.000
105.000 668.000
114.000 1453.000
69.000 1419.000
101.000 1797.000
88.000 422.000
92.000 516.000
130.000 1096.000
95.000 1101.000
175.000 1059.000
102.000 1061.000
210.000 1057.000
326.000 2297.000
207.000 2237.000
115.000 2151.000
93.000 2294.000
219.000 2166.000
282.000 83.000
160.000 86.000
125.000 187.000
210.000 183.000
82.000 82.000
101.000 160.000
93.000 890.000
401.000 1127.000
229.000 1201.000
54.000 1248.000
206.000 1279.000
122.000 1605.000
93.000 1631.000
213.000 812.000
226.000 895.000
322.000 805.000
298.000 415.000
313.000 203.000
197.000 273.000
371.000 549.000
214.000 2010.000
218.000 1810.000
253.000 1911.000
286.000 1529.000
407.000 1698.000
200.000 1404.000
386.000 1655.000
373.000 1791.000
207.000 1645.000
210.000 665.000
371.000 1280.000
321.000 2080.000
495.000 2238.000
534.000 2327.000
669.000 1451.000
745.000 1459.000
491.000 1528.000
545.000 1357.000
535.000 977.000
616.000 1058.000
457.000 838.000
659.000 1129.000
461.000 715.000
745.000 727.000
479.000 389.000
556.000 40.000
718.000 1327.000
647.000 1274.000
765.000 1632.000
641.000 1602.000
600.000 493.000
735.000 506.000
733.000 894.000
750.000 1019.000
723.000 843.000
663.000 322.000
644.000 386.000
681.000 2131.000
688.000 2229.000
722.000 2267.000
772.000 2002.000
786.000 77.000
875.000 2201.000
853.000 2256.000
856.000 2122.000
930.000 464.000
906.000 592.000
955.000 739.000
1004.000 85.000
1153.000 538.000
1116.000 508.000
1079.000 2245.000
1326.000 1047.000
1404.000 1043.000
1224.000 1037.000
1535.000 1088.000
1404.000 871.000
1434.000 835.000
1221.000 620.000
1135.000 672.000
1343.000 710.000
1168.000 778.000
1198.000 2156.000
1205.000 2259.000
1230.000 58.000
1166.000 1125.000
1307.000 1986.000
1310.000 363.000
1273.000 2272.000
1388.000 2118.000
1414.000 2272.000
1417.000 2142.000
1358.000 2008.000
1513.000 1018.000
1617.000 2225.000
1603.000 2124.000
1757.000 2301.000
1625.000 59.000
1960.000 2135.000
2029.000 2141.000
1931.000 1941.000
1970.000 2020.000
2010.000 1996.000
1808.000 1874.000
1901.000 1732.000
1784.000 1831.000
2014.000 1815.000
1757.000 2121.000
1798.000 2157.000
1719.000 1135.000
1725.000 1654.000
1726.000 507.000
1774.000 744.000
1850.000 838.000
1893.000 673.000
1893.000 636.000
1719.000 1341.000
1876.000 1393.000
1999.000 1388.000
1884.000 1216.000
2002.000 1568.000
1906.000 1549.000
1871.000 1567.000
2022.000 1010.000
1829.000 399.000
1927.000 496.000
2016.000 455.000
1830.000 453.000
1971.000 97.000
2040.000 2234.000
1938.000 2264.000
1977.000 1161.000
1981.000 1284.000
2011.000 1146.000
2040.000 668.000
2022.000 824.000
1998.000 1433.000
205.500 485.000
1831.500 106.000
1278.000 536.000
925.500 1320.000
1584.500 1964.500
925.000 1099.000
456.500 1670.500
522.500 2195.500
398.000 694.500
1089.500 1963.000
392.500 1493.000
1140.000 110.500
396.000 971.500
1981.000 199.000
1680.000 1190.500
1509.500 575.000
1149.500 1259.500
848.000 352.500
953.250 1972.250
927.000 1461.750
924.500 959.000
676.000 1804.000
1365.500 1243.000
1690.500 1547.500
1693.250 651.000
1704.500 1025.500
1703.500 809.500
1699.500 1308.000
1091.000 340.500
927.500 1579.500
1001.000 2248.000
1917.000 1194.500
1881.500 1477.000
1983.500 1410.500
1960.000 1802.500
1592.000 338.500
1429.500 110.500
1318.500 1795.500
1571.000 1749.000
104.500 315.500
418.000 103.500
91.500 1996.000
305.500 1126.000
399.500 377.000
507.000 1224.000
590.000 1422.500
725.500 1125.500
639.000 700.500
507.500 564.000
767.500 1292.500
669.000 1649.000
730.000 587.000
659.500 856.000
913.500 748.000
1028.000 2138.500
1350.000 1083.000
1322.000 729.500
1310.500 851.500
1114.500 855.500
1614.500 2269.000
1835.500 1988.000
1680.000 1968.000
2021.000 1771.000
1881.000 1012.750
2007.500 109.000
1987.250 327.750
