[Border]
2315.62 12968.8
2281.19 12454.9
2296.07 12432.1
2354.79 12430
2299.92 11700.5
2286.11 10815.4
537.37 10811.9
532.38 10807
528.702 10573.6
533.662 10568.5
824.284 10566.3
825.353 10187.8
79.8638 10189.4
74.8527 10184.4
76.2113 9466.52
81.1483 9461.53
825.639 9452.15
821.844 8857.25
826.719 8852.22
957.717 8848.94
944.444 5725.34
675.449 5724.82
670.459 5719.84
669.75 5506.59
674.739 5501.57
4821.28 5491.74
4817.45 3545.46
4822.44 3540.45
5033.59 3539.75
5038.61 3544.75
5036.92 6250.04
5048.39 7969.47
6141.64 7970.26
6262.75 7844.24
6714.78 7843.34
6813.96 7970.14
8511.75 7969.95
8509.2 7479.94
8514.1 7474.91
8882.05 7468.04
8876.89 6249.96
8881.97 6244.94
9209.05 6250.15
9213.97 6255.12
9235.08 10681.6
9360 10674.8
9360 10450.5
9364.98 10445.5
9568.99 10444.7
9574.01 10449.7
9577.21 10669.6
9755.36 10673.6
10355.2 10673.8
11005.1 10671.8
11580.1 10679
12785.2 10677.9
13414.5 10686.1
13419.4 10691
13423.7 10917.4
13418.7 10922.5
9216.79 10920
9221.25 13386.9
9216.28 13391.9
7706.33 13401.9
7701.29 13397
7699.32 13166.4
7704.3 13161.4
8150.76 13159.5
8149.16 12303.9
4555.35 12308.1
4554.82 13156.6
5645.01 13158.6
5650 13163.6
5650 13382.8
5645.02 13387.8
4556.36 13391.3
4557.34 14036.9
4552.19 14041.9
4336.7 14035.5
4331.84 14030.5
4326.44 12058
4332.06 12053
4395.31 12060.9
4829.02 12060.8
4823.45 10808.6
2515.96 10815
2505.28 11250.5
2579.23 12460.2
2695.11 12458.5
2700.17 12463
2742.49 12983.6
2739.87 12988.4
2685.15 13017.8
2704.82 13343.7
2699.85 13349
2420.11 13350.5
2410.94 13350.8
2405.77 13346.3
2386.04 13127.3
2324.17 13119
2319.83 13114
2321.39 12973.1

[Obstacle]
5051.66 12056.3
8519.91 12053.9
8520.17 11447
8525.03 11442
8886.26 11431.7
8878.61 8215.25
4808.63 8211.74
4812.82 9449.84
5145.23 9450.3
5150.22 9455.32
5149.57 9678.8
5144.63 9683.79
4809.55 9687.44
4810.89 10559.8
5156.13 10560.3
5161.12 10565.4
5157.78 10805.1
5152.78 10810
5054.99 10810

[Obstacle]
2575 9455.14
4455.73 9454.58
4454.57 8836.49
4336.05 8831.55
4331.26 8826.59
4324.38 7975.95
4329.37 7970.91
4825.9 7969.44
4818.04 5725.34
1170.74 5731.09
1183.28 9454.93

[Obstacle]
1225.46 10567.8
4327.36 10563.4
4321.79 9689.28
1179.5 9696.54
1181.5 10563.5

