[INFO]
FORMAT=MAP_POINTS
NAME=tspnn/potholes/bp-d200-b100-depot/potholes-vis.txt
VERSION=1.0
COMMENT=Load from simple-txt file 'potholes/potholes.txt'
COMMENT=Created from file 'potholes/potholes.txt' by program ./tmap_convert version 0.4
COMMENT=Collinear points has been removed by the 'tmap_convert.cc' ver. 0.5
COMMENT=Created from file '../data/planning/maps/potholes/potholes.map' by program ./tmap_convert version 0.5
COMMENT=Created from file 'maps/potholes/potholes.txt' by program ../map_tools/tmap_convert version 0.5
COMMENT=visibility graphs created by tvisibility.cc

[MAP_POINTS]
0 0 0
1 2000 0
2 2000 2000
3 0 2000
4 480 640
5 430 560
6 490 540
7 570 550
8 580 610
9 560 660
10 500 660
11 1300 1150
12 1250 1070
13 1280 1020
14 1340 1030
15 1460 1070
16 1400 1120
17 1400 1180
18 1340 1200
19 1280 1190
20 390 1440
21 410 1370
22 470 1390
23 450 1440
24 490 1500
25 420 1530
26 370 1490
27 1010 1790
28 980 1730
29 1010 1680
30 1080 1660
31 1100 1680
32 1090 1740
33 1120 1790
34 1060 1810
35 1040 1820
36 750 1120
37 800 1060
38 860 1060
39 920 1130
40 850 1170
41 810 1200
42 1200 590
43 1140 500
44 1200 470
45 1280 500
46 1290 590
47 1210 640
48 1740 590
49 1710 520
50 1790 490
51 1830 510
52 1790 560
53 1790 630
54 1720 650
55 860 820
56 840 760
57 890 710
58 960 690
59 970 740
60 910 790
61 170 1000
62 160 920
63 230 900
64 340 900
65 350 980
66 290 1010
67 200 1050
68 1490 1580
69 1430 1530
70 1470 1470
71 1520 1480
72 1610 1470
73 1600 1510
74 1570 1580
75 1520 1570
76 1060 1460
77 980 1410
78 1000 1360
79 1070 1350
80 1160 1380
81 1150 1440
82 1100 1450
83 700 1590
84 650 1520
85 680 1470
86 780 1450
87 850 1460
88 830 1520
89 770 1540
90 750 1590
91 1470 510
92 1430 460
93 1470 410
94 1550 390
95 1560 440
96 1520 500
97 1480 550
98 1380 170
99 1350 100
100 1420 80
101 1480 100
102 1460 190
103 1710 340
104 1660 280
105 1650 210
106 1710 200
107 1800 230
108 1750 340
109 680 1850
110 630 1790
111 640 1730
112 710 1710
113 800 1780
114 780 1850
115 730 250
116 790 300
117 890 250
118 850 200
119 720 180
120 130 1850
121 70 1780
122 100 1690
123 200 1700
124 270 1790
125 1720 1150
126 1630 1100
127 1650 1040
128 1720 980
129 1810 1020
130 1810 1090
131 1330 870
132 1310 790
133 1360 740
134 1440 750
135 1510 820
136 190 600
137 140 570
138 100 490
139 190 410
140 320 450
141 250 510
142 500 1160
143 520 970
144 550 980
145 540 1140
146 430 240
147 400 160
148 420 120
149 480 120
150 530 210
151 510 290
152 450 270

[MAP_BORDER]
0
1
2
3

[MAP_OBSTACLE]
10
9
8
7
6
5
4

[MAP_OBSTACLE]
19
18
17
16
15
14
13
12
11

[MAP_OBSTACLE]
26
25
24
23
22
21
20

[MAP_OBSTACLE]
35
34
33
32
31
30
29
28
27

[MAP_OBSTACLE]
41
40
39
38
37
36

[MAP_OBSTACLE]
47
46
45
44
43
42

[MAP_OBSTACLE]
54
53
52
51
50
49
48

[MAP_OBSTACLE]
60
59
58
57
56
55

[MAP_OBSTACLE]
67
66
65
64
63
62
61

[MAP_OBSTACLE]
75
74
73
72
71
70
69
68

[MAP_OBSTACLE]
82
81
80
79
78
77
76

[MAP_OBSTACLE]
90
89
88
87
86
85
84
83

[MAP_OBSTACLE]
97
96
95
94
93
92
91

[MAP_OBSTACLE]
102
101
100
99
98

[MAP_OBSTACLE]
108
107
106
105
104
103

[MAP_OBSTACLE]
114
113
112
111
110
109

[MAP_OBSTACLE]
115
116
117
118
119

[MAP_OBSTACLE]
124
123
122
121
120

[MAP_OBSTACLE]
130
129
128
127
126
125

[MAP_OBSTACLE]
135
134
133
132
131

[MAP_OBSTACLE]
141
140
139
138
137
136

[MAP_OBSTACLE]
145
144
143
142

[MAP_OBSTACLE]
152
151
150
149
148
147
146

[CITY_POINTS]
0 1050 966
1 100 1135
2 1900 1768
3 1900 149
4 1900 1205
5 263 657
6 1679 1463
7 1157 1900
8 1900 374
9 1900 911
10 676 604
11 1647 1900
12 1235 376
13 950 604
14 1496 1001
15 1236 1236
16 1394 642
17 992 1259
18 117 100
19 794 861
20 1275 100
21 324 346
22 285 1900
23 1655 432
24 893 1697
25 100 1347
26 1064 1566
27 1900 642
28 1900 1533
29 670 1151
30 100 853
31 1650 1225
32 1045 782
33 1671 666
34 626 239
35 798 384
36 100 1590
37 315 1340
38 941 1900
39 459 1190
40 514 441
41 965 1030
42 588 1900
43 1486 1667
44 1444 1900
45 1445 1252
46 117 339
47 1683 898
48 609 1636
49 317 100
50 1186 1812
51 1834 1735
52 97 500
53 126 1891
54 487 816
55 611 67
56 895 1585
57 1019 607
58 1549 319
59 1557 95
60 1883 1834
61 657 1375
62 458 937.5
63 905.5 94
64 401.5 1619
65 1587 158.5
66 1346 1495.5
67 1191.5 967.5
68 951.5 308

[MAP_VISIBILITY_GRAPH]
MAP_VERTEX 0
1
100
99
98
102
104
103
118
149
148
147
146
152
132
131
126
58
57
56
55
7
6
5
4
140
139
138
62
61
124
123
122
121
3

[MAP_VISIBILITY_GRAPH]
MAP_VERTEX 1
2
130
129
128
51
50
49
135
108
107
106
105
44
43
64
63
62
9
8
7
6
5
102
101
100
149
148
0

[MAP_VISIBILITY_GRAPH]
MAP_VERTEX 2
120
109
114
113
35
34
33
32
31
30
89
88
87
67
142
76
82
81
80
39
68
75
74
73
72
17
16
15
135
126
125
130
129
53
52
51
107
1
3

[MAP_VISIBILITY_GRAPH]
MAP_VERTEX 3
0
138
137
136
62
61
67
66
121
120
124
84
83
90
76
82
81
111
110
109
114
35
2

[MAP_VISIBILITY_GRAPH]
MAP_VERTEX 4
136
141
140
0
5
10
80
38
37
36
29
28
87
86
85
144
143
142
24
22
21
20
26
124
123
122
65
64
63
62

[MAP_VISIBILITY_GRAPH]
MAP_VERTEX 5
141
140
0
147
146
152
151
119
115
116
117
99
98
102
1
6
4
36
29
28
87
86
144
143
142
24
22
21
20
26
124
65
64
63
62
136

[MAP_VISIBILITY_GRAPH]
MAP_VERTEX 6
141
140
0
147
146
152
151
150
119
115
116
117
99
98
102
1
105
104
103
108
94
93
44
43
42
7
5
136

[MAP_VISIBILITY_GRAPH]
MAP_VERTEX 7
6
140
0
146
152
151
150
119
115
116
117
99
98
102
1
105
104
103
108
94
93
44
43
42
47
134
133
132
58
57
56
55
71
70
69
80
79
39
38
37
36
87
86
8

[MAP_VISIBILITY_GRAPH]
MAP_VERTEX 8
7
150
119
115
116
117
99
98
102
1
105
104
103
108
94
44
43
42
47
134
133
58
57
56
55
19
72
71
70
69
80
79
39
38
37
36
87
86
85
84
111
110
145
144
143
21
20
26
124
123
9

[MAP_VISIBILITY_GRAPH]
MAP_VERTEX 9
8
115
116
117
99
98
102
1
105
104
44
43
42
47
54
58
57
56
55
12
11
19
72
71
70
69
80
39
38
37
36
28
87
86
85
84
111
110
144
143
21
20
26
124
123
122
65
64
63
62
10

[MAP_VISIBILITY_GRAPH]
MAP_VERTEX 10
136
141
4
9
58
57
56
55
13
12
11
19
72
71
70
69
80
38
37
36
29
28
87
86
85
84
144
143
142
24
22
21
20
26
124
123
122
65
64
63
62

[MAP_VISIBILITY_GRAPH]
MAP_VERTEX 11
39
38
144
143
64
136
141
10
9
55
60
59
58
115
12
19
81
80
79
78
87
86
85
123
122
24
23
22
21
41
40

[MAP_VISIBILITY_GRAPH]
MAP_VERTEX 12
38
144
143
64
136
10
9
55
60
59
58
115
116
117
43
42
47
46
99
98
132
131
13
11
19
33
32
31
81
80
79
78
111
88
87
86
85
123
24
23
22
21
41
40
39

[MAP_VISIBILITY_GRAPH]
MAP_VERTEX 13
144
143
64
136
10
55
60
59
58
150
149
115
116
117
43
42
47
46
99
98
132
131
135
54
53
128
127
14
12
79
78
112
88
87
86
85
123
24
23
22
21
41
40
39
38
37

[MAP_VISIBILITY_GRAPH]
MAP_VERTEX 14
13
136
55
60
59
58
150
149
115
116
117
43
47
132
131
135
48
54
53
128
127
126
125
15

[MAP_VISIBILITY_GRAPH]
MAP_VERTEX 15
14
136
55
60
59
58
152
151
150
149
115
116
117
131
135
105
104
103
108
107
49
48
54
53
128
127
126
125
2
72
71
70
69
33
17
16

[MAP_VISIBILITY_GRAPH]
MAP_VERTEX 16
15
128
127
126
125
2
72
71
70
69
17

[MAP_VISIBILITY_GRAPH]
MAP_VERTEX 17
16
15
48
54
53
128
127
126
125
2
72
71
70
69
33
32
31
30
29
114
81
80
79
78
86
85
122
25
24
18

[MAP_VISIBILITY_GRAPH]
MAP_VERTEX 18
40
19
17
125
72
71
70
69
33
32
31
30
29
81
80
79
78
86
85
122
25
24
23
22
21
41

[MAP_VISIBILITY_GRAPH]
MAP_VERTEX 19
40
39
38
136
141
10
9
8
55
60
59
58
115
116
117
12
11
18
72
71
70
69
33
32
31
30
81
80
79
78
86
85
122
25
24
23
22
21
41

[MAP_VISIBILITY_GRAPH]
MAP_VERTEX 20
61
67
66
65
140
147
146
5
4
10
9
8
119
143
21
26
123
122

[MAP_VISIBILITY_GRAPH]
MAP_VERTEX 21
67
66
65
64
140
147
146
5
4
10
9
8
119
143
142
145
56
55
60
59
42
47
46
91
37
36
41
13
12
11
19
18
125
79
78
77
76
69
68
87
86
22
20
26
123
122

[MAP_VISIBILITY_GRAPH]
MAP_VERTEX 22
21
67
66
65
64
141
140
147
5
4
10
143
142
145
116
117
56
55
60
59
42
47
37
36
41
135
13
12
11
19
18
125
79
78
77
76
69
87
86
85
84
83
113
112
111
110
24
23

[MAP_VISIBILITY_GRAPH]
MAP_VERTEX 23
22
56
55
60
59
42
37
36
41
39
131
135
13
12
11
19
18
125
78
77
86
85
84
83
27
35
113
112
24

[MAP_VISIBILITY_GRAPH]
MAP_VERTEX 24
23
22
140
147
5
4
10
142
145
119
115
116
117
56
55
60
59
43
36
41
40
39
131
135
13
12
11
19
18
17
126
125
78
77
86
85
84
83
28
27
35
113
112
111
110
124
123
122
25

[MAP_VISIBILITY_GRAPH]
MAP_VERTEX 25
26
24
19
18
17
126
78
85
84
83
29
28
27
35
112
111
110
124
123
122

[MAP_VISIBILITY_GRAPH]
MAP_VERTEX 26
61
67
66
65
147
146
5
4
10
9
8
119
143
21
20
25
111
110
109
124
123
122

[MAP_VISIBILITY_GRAPH]
MAP_VERTEX 27
113
112
25
24
23
83
90
89
88
28
35
114

[MAP_VISIBILITY_GRAPH]
MAP_VERTEX 28
112
25
24
83
90
89
88
87
5
4
10
9
36
41
40
39
60
59
77
76
82
81
29
27
114
113

[MAP_VISIBILITY_GRAPH]
MAP_VERTEX 29
25
83
90
89
88
87
144
141
140
5
4
10
36
41
40
39
60
77
76
82
81
18
17
127
126
125
130
70
69
30
28
114
113
112
123
122

[MAP_VISIBILITY_GRAPH]
MAP_VERTEX 30
83
90
89
88
87
145
144
141
140
36
41
40
77
76
82
81
19
18
17
53
127
126
125
130
70
69
68
74
2
31
29
112
123
122

[MAP_VISIBILITY_GRAPH]
MAP_VERTEX 31
30
144
141
140
36
41
40
77
76
82
81
132
12
19
18
17
54
53
127
126
125
130
70
69
68
74
2
33
32

[MAP_VISIBILITY_GRAPH]
MAP_VERTEX 32
31
81
132
12
19
18
17
48
54
53
127
126
125
130
70
69
68
75
74
2
33

[MAP_VISIBILITY_GRAPH]
MAP_VERTEX 33
32
31
82
81
80
46
98
12
19
18
17
15
48
54
53
127
126
125
130
70
69
68
75
74
2
35
34

[MAP_VISIBILITY_GRAPH]
MAP_VERTEX 34
33
2
35

[MAP_VISIBILITY_GRAPH]
MAP_VERTEX 35
113
112
25
24
23
83
90
27
34
33
2
3
114

[MAP_VISIBILITY_GRAPH]
MAP_VERTEX 36
144
137
136
141
140
5
4
10
9
8
7
151
150
119
115
116
117
56
55
60
59
99
43
37
41
31
30
29
28
87
86
85
84
24
23
22
21
142
145

[MAP_VISIBILITY_GRAPH]
MAP_VERTEX 37
144
143
64
137
136
141
140
4
10
9
8
7
152
151
150
119
115
116
117
56
55
60
59
99
43
42
47
46
92
91
97
49
133
132
131
135
128
13
38
36
23
22
21
142
145

[MAP_VISIBILITY_GRAPH]
MAP_VERTEX 38
144
143
64
137
136
141
4
10
9
8
7
146
152
151
150
115
116
56
55
60
59
43
42
47
46
105
93
92
91
97
108
133
132
131
135
13
12
11
19
72
71
70
69
68
80
39
37

[MAP_VISIBILITY_GRAPH]
MAP_VERTEX 39
38
9
8
7
146
152
151
150
56
55
60
59
43
42
47
46
92
91
97
103
108
133
132
131
135
13
12
11
19
72
71
70
69
68
2
80
79
78
77
29
28
113
87
86
85
124
24
23
41
40

[MAP_VISIBILITY_GRAPH]
MAP_VERTEX 40
39
135
13
12
11
19
18
72
71
70
69
68
80
79
78
77
31
30
29
28
87
86
85
84
124
24
41

[MAP_VISIBILITY_GRAPH]
MAP_VERTEX 41
142
145
144
137
136
141
36
40
39
131
135
13
12
11
19
18
72
71
70
80
79
78
77
31
30
29
28
87
86
85
84
124
24
23
22
21

[MAP_VISIBILITY_GRAPH]
MAP_VERTEX 42
7
6
141
140
139
152
151
150
149
116
117
118
43
47
13
12
80
79
78
77
114
113
88
87
86
39
38
37
23
22
21
145
60
59
58
57
64
63
62
9
8

[MAP_VISIBILITY_GRAPH]
MAP_VERTEX 43
140
139
151
150
116
117
118
99
98
102
1
105
44
42
47
14
13
12
80
79
78
77
113
87
39
38
37
36
24
59
58
57
144
143
65
64
63
62
9
8
7
6
141

[MAP_VISIBILITY_GRAPH]
MAP_VERTEX 44
140
139
151
150
116
117
118
99
98
102
1
105
104
103
108
94
93
92
91
97
54
45
43
63
62
9
8
7
6
141

[MAP_VISIBILITY_GRAPH]
MAP_VERTEX 45
44
150
116
117
118
99
98
102
105
104
93
92
91
97
54
129
128
135
134
133
46

[MAP_VISIBILITY_GRAPH]
MAP_VERTEX 46
45
99
98
102
105
93
92
91
97
50
49
48
54
129
128
135
134
133
132
13
12
33
80
79
78
77
114
113
88
87
86
39
38
37
21
145
47

[MAP_VISIBILITY_GRAPH]
MAP_VERTEX 47
8
7
140
139
152
151
150
149
116
117
118
43
42
46
91
97
50
49
48
54
134
133
132
131
14
13
12
80
79
78
77
114
113
88
87
86
39
38
37
22
21
145
144
55
60
59
58
9

[MAP_VISIBILITY_GRAPH]
MAP_VERTEX 48
97
96
95
94
98
102
101
49
54
33
32
17
15
14
135
134
133
144
143
67
66
65
55
60
59
58
47
46

[MAP_VISIBILITY_GRAPH]
MAP_VERTEX 49
96
95
94
98
102
101
104
103
108
107
1
50
48
54
128
127
126
71
70
69
15
135
134
133
37
145
144
143
55
60
59
47
46
97

[MAP_VISIBILITY_GRAPH]
MAP_VERTEX 50
95
94
98
102
101
104
103
108
107
1
51
49
55
60
59
47
46
97
96

[MAP_VISIBILITY_GRAPH]
MAP_VERTEX 51
50
98
102
101
104
103
108
107
1
2
130
129
128
53
52

[MAP_VISIBILITY_GRAPH]
MAP_VERTEX 52
51
2
129
53

[MAP_VISIBILITY_GRAPH]
MAP_VERTEX 53
52
51
2
129
128
127
70
69
33
32
31
30
17
15
14
13
85
135
134
54

[MAP_VISIBILITY_GRAPH]
MAP_VERTEX 54
47
46
45
44
150
116
97
96
95
94
102
101
104
49
48
53
129
128
127
126
71
70
69
33
32
31
17
15
14
13
135
134
133
65
55
60
59
58
9

[MAP_VISIBILITY_GRAPH]
MAP_VERTEX 55
136
10
9
8
7
0
152
151
150
56
60
47
91
97
50
49
48
54
133
132
131
128
127
126
125
15
14
13
12
11
19
71
70
69
80
79
78
77
39
38
37
36
24
23
22
21
122
145
144
143
67
66
65
64
63

[MAP_VISIBILITY_GRAPH]
MAP_VERTEX 56
136
10
9
8
7
0
152
151
150
149
115
116
117
99
98
57
55
78
39
38
37
36
24
23
22
21
145
144
143
66
65
64
63

[MAP_VISIBILITY_GRAPH]
MAP_VERTEX 57
10
9
8
7
0
152
151
150
149
115
116
117
99
98
102
43
42
58
56
144
143
65
64
63
62

[MAP_VISIBILITY_GRAPH]
MAP_VERTEX 58
10
9
8
7
140
0
152
151
150
149
115
116
117
99
98
43
42
47
48
54
133
132
131
127
126
15
14
13
12
11
19
69
80
59
57

[MAP_VISIBILITY_GRAPH]
MAP_VERTEX 59
58
117
99
43
42
47
97
50
49
48
54
133
132
131
127
126
125
15
14
13
12
11
19
70
69
80
79
78
77
28
39
38
37
36
24
23
22
21
122
145
60

[MAP_VISIBILITY_GRAPH]
MAP_VERTEX 60
59
42
47
97
50
49
48
54
133
132
131
128
127
126
125
15
14
13
12
11
19
71
70
69
80
79
78
77
29
28
39
38
37
36
24
23
22
21
122
145
55

[MAP_VISIBILITY_GRAPH]
MAP_VERTEX 61
0
138
62
67
20
26
124
123
122
121
3

[MAP_VISIBILITY_GRAPH]
MAP_VERTEX 62
0
138
137
136
141
140
146
152
151
5
4
10
9
98
102
1
105
44
43
42
57
63
61
123
122
121
3

[MAP_VISIBILITY_GRAPH]
MAP_VERTEX 63
138
137
136
141
140
147
146
152
151
5
4
10
9
99
98
102
1
105
44
43
42
57
56
55
132
131
64
62

[MAP_VISIBILITY_GRAPH]
MAP_VERTEX 64
137
136
141
140
147
146
152
5
4
10
9
99
98
102
1
105
43
42
57
56
55
132
131
128
127
13
12
11
38
37
144
143
142
85
84
112
111
110
22
21
65
63

[MAP_VISIBILITY_GRAPH]
MAP_VERTEX 65
64
140
147
146
152
5
4
10
9
117
99
98
102
43
57
56
55
48
54
133
132
131
143
142
85
84
112
111
110
22
21
20
26
124
123
122
66

[MAP_VISIBILITY_GRAPH]
MAP_VERTEX 66
65
56
55
48
133
132
143
142
87
86
85
84
113
112
111
22
21
20
26
124
123
122
121
3
67

[MAP_VISIBILITY_GRAPH]
MAP_VERTEX 67
61
66
55
48
133
143
142
78
77
76
2
87
86
85
84
83
113
22
21
20
26
124
123
122
121
3

[MAP_VISIBILITY_GRAPH]
MAP_VERTEX 68
89
88
87
21
76
82
81
80
40
39
38
69
75
74
2
33
32
31
30
112
123
122
90

[MAP_VISIBILITY_GRAPH]
MAP_VERTEX 69
88
87
86
22
21
76
82
81
80
40
39
38
141
10
9
8
7
55
60
59
58
115
116
19
18
17
16
15
135
95
105
104
103
108
49
54
53
127
126
70
68
33
32
31
30
29
112
120
124
123
122
90
89

[MAP_VISIBILITY_GRAPH]
MAP_VERTEX 70
87
76
82
81
80
79
142
145
41
40
39
38
137
136
141
10
9
8
7
55
60
59
19
18
17
16
15
135
95
105
104
103
108
49
54
53
127
126
125
130
72
71
69
33
32
31
30
29
112
111
120
124
123
90
89
88

[MAP_VISIBILITY_GRAPH]
MAP_VERTEX 71
70
80
79
142
145
41
40
39
38
137
136
141
10
9
8
7
55
60
19
18
17
16
15
135
96
95
105
104
103
49
54
126
125
130
72

[MAP_VISIBILITY_GRAPH]
MAP_VERTEX 72
87
76
82
81
80
79
142
145
41
40
39
38
137
136
141
10
9
8
19
18
17
16
15
135
91
97
96
95
105
104
126
125
130
2
73
71
70

[MAP_VISIBILITY_GRAPH]
MAP_VERTEX 73
72
125
130
2
74

[MAP_VISIBILITY_GRAPH]
MAP_VERTEX 74
75
73
130
2
33
32
31
30
112
123
122
90
68

[MAP_VISIBILITY_GRAPH]
MAP_VERTEX 75
74
2
33
32
68

[MAP_VISIBILITY_GRAPH]
MAP_VERTEX 76
86
22
21
67
142
145
77
82
81
72
70
69
68
2
31
30
29
28
114
113
112
111
3
90
89
88
87

[MAP_VISIBILITY_GRAPH]
MAP_VERTEX 77
22
21
67
142
145
144
136
141
41
40
39
55
60
59
43
42
47
46
102
78
76
31
30
29
28
114
113
112
111
90
88
87
86
24
23

[MAP_VISIBILITY_GRAPH]
MAP_VERTEX 78
67
142
145
41
40
39
56
55
60
59
43
42
47
46
102
92
132
131
13
12
11
19
18
17
126
125
79
77
114
113
112
111
88
87
86
85
25
24
23
22
21

[MAP_VISIBILITY_GRAPH]
MAP_VERTEX 79
142
145
41
40
39
8
7
146
152
151
150
55
60
59
117
43
42
47
46
102
92
132
131
13
12
11
19
18
17
126
125
72
71
70
80
78
22
21

[MAP_VISIBILITY_GRAPH]
MAP_VERTEX 80
79
145
41
40
39
38
4
10
9
8
7
146
152
151
150
55
60
59
58
117
43
42
47
46
98
102
132
12
11
19
18
17
128
127
126
125
72
71
70
69
68
2
33
81

[MAP_VISIBILITY_GRAPH]
MAP_VERTEX 81
80
98
132
12
11
19
18
17
128
127
126
125
72
70
69
68
2
33
32
31
30
29
28
114
113
112
111
3
120
124
90
89
88
76
82

[MAP_VISIBILITY_GRAPH]
MAP_VERTEX 82
81
72
70
69
68
2
33
31
30
29
28
114
113
112
111
3
120
124
90
89
88
76

[MAP_VISIBILITY_GRAPH]
MAP_VERTEX 83
25
24
23
22
67
84
90
30
29
28
27
35
113
112
111
3
124
123
122

[MAP_VISIBILITY_GRAPH]
MAP_VERTEX 84
24
23
22
67
66
65
64
142
145
144
10
9
8
119
115
116
117
36
41
40
85
83
113
112
111
110
3
124
123
122
25

[MAP_VISIBILITY_GRAPH]
MAP_VERTEX 85
23
22
67
66
65
64
142
145
144
4
10
9
8
119
115
116
117
36
41
40
39
92
91
97
103
132
131
135
53
13
12
11
19
18
17
126
78
86
84
124
123
122
25
24

[MAP_VISIBILITY_GRAPH]
MAP_VERTEX 86
23
22
21
67
66
142
145
144
140
5
4
10
9
8
7
151
150
36
41
40
39
42
47
46
92
91
97
96
132
131
135
13
12
11
19
18
17
126
78
77
76
69
87
85
24

[MAP_VISIBILITY_GRAPH]
MAP_VERTEX 87
86
22
21
67
66
142
145
144
140
5
4
10
9
8
7
36
41
40
39
43
42
47
46
92
91
132
131
13
12
11
78
77
76
72
70
69
68
2
30
29
28
113
88

[MAP_VISIBILITY_GRAPH]
MAP_VERTEX 88
87
42
47
46
92
91
132
131
13
12
78
77
76
82
81
70
69
68
2
30
29
28
27
113
112
111
90
89

[MAP_VISIBILITY_GRAPH]
MAP_VERTEX 89
88
76
82
81
70
69
68
2
30
29
28
27
113
112
90

[MAP_VISIBILITY_GRAPH]
MAP_VERTEX 90
89
88
77
76
82
81
70
69
68
74
30
29
28
27
35
113
112
111
3
120
124
123
122
83

[MAP_VISIBILITY_GRAPH]
MAP_VERTEX 91
45
44
151
116
117
118
92
97
72
135
134
133
132
112
88
87
86
85
39
38
37
21
145
144
55
47
46

[MAP_VISIBILITY_GRAPH]
MAP_VERTEX 92
140
139
151
116
117
118
99
98
102
101
93
91
97
127
126
135
134
133
132
79
78
88
87
86
85
39
38
37
46
45
44
141

[MAP_VISIBILITY_GRAPH]
MAP_VERTEX 93
151
116
117
118
99
98
102
101
105
104
103
94
92
38
46
45
44
7
6
141
140
139

[MAP_VISIBILITY_GRAPH]
MAP_VERTEX 94
151
116
117
118
98
102
101
105
104
103
108
50
49
48
54
129
128
95
93
44
8
7
6
141
140
139

[MAP_VISIBILITY_GRAPH]
MAP_VERTEX 95
94
105
104
103
108
50
49
48
54
129
128
127
126
72
71
70
69
135
134
96

[MAP_VISIBILITY_GRAPH]
MAP_VERTEX 96
95
103
108
50
49
48
54
129
128
127
126
72
71
135
134
133
132
86
97

[MAP_VISIBILITY_GRAPH]
MAP_VERTEX 97
45
44
150
116
117
118
92
91
96
103
108
50
49
48
54
129
128
127
126
72
135
134
133
132
86
85
39
38
37
145
144
143
55
60
59
47
46

[MAP_VISIBILITY_GRAPH]
MAP_VERTEX 98
149
0
99
102
104
103
51
50
49
48
94
93
92
134
133
132
13
12
33
81
80
46
45
44
43
58
57
56
144
143
65
64
63
62
9
8
7
6
5
136
141
140
116
117
118
119

[MAP_VISIBILITY_GRAPH]
MAP_VERTEX 99
0
100
98
93
92
134
133
132
13
12
46
45
44
43
37
36
59
58
57
56
145
144
143
65
64
63
9
8
7
6
5
136
141
116
117
118
119
149
148

[MAP_VISIBILITY_GRAPH]
MAP_VERTEX 100
0
1
101
99
118
119
149
148

[MAP_VISIBILITY_GRAPH]
MAP_VERTEX 101
100
1
107
106
105
104
103
51
50
49
48
54
129
128
94
93
92
133
102

[MAP_VISIBILITY_GRAPH]
MAP_VERTEX 102
119
149
0
98
101
1
106
105
104
103
51
50
49
48
54
94
93
92
133
132
80
79
78
77
114
113
46
45
44
43
57
144
143
65
64
63
62
9
8
7
6
5
136
141
140
139
116
117
118

[MAP_VISIBILITY_GRAPH]
MAP_VERTEX 103
151
116
117
118
149
0
98
102
101
104
108
51
50
49
127
126
71
70
69
15
135
134
133
132
85
124
39
97
96
95
94
93
44
8
7
6
141
140
139

[MAP_VISIBILITY_GRAPH]
MAP_VERTEX 104
117
118
119
149
0
98
102
101
105
103
51
50
49
54
128
127
126
72
71
70
69
15
135
134
95
94
93
45
44
9
8
7
6
136
141
140
139
116

[MAP_VISIBILITY_GRAPH]
MAP_VERTEX 105
118
119
149
102
101
1
106
104
128
127
126
72
71
70
69
15
135
134
95
94
93
38
46
45
44
43
64
63
62
9
8
7
6
136
141
140
139
116
117

[MAP_VISIBILITY_GRAPH]
MAP_VERTEX 106
119
102
101
1
107
105
139
116
117
118

[MAP_VISIBILITY_GRAPH]
MAP_VERTEX 107
106
101
1
2
51
50
49
15
108

[MAP_VISIBILITY_GRAPH]
MAP_VERTEX 108
107
1
51
50
49
70
69
15
135
134
133
132
124
39
38
97
96
95
94
44
8
7
6
141
140
139
103

[MAP_VISIBILITY_GRAPH]
MAP_VERTEX 109
124
123
26
110
114
2
3
120

[MAP_VISIBILITY_GRAPH]
MAP_VERTEX 110
123
26
25
24
22
65
64
141
140
142
145
144
9
8
119
115
84
111
109
3
120
124

[MAP_VISIBILITY_GRAPH]
MAP_VERTEX 111
123
122
26
25
24
22
66
65
64
141
140
142
145
144
9
8
84
83
90
88
12
78
77
76
82
81
125
70
112
110
3
120
124

[MAP_VISIBILITY_GRAPH]
MAP_VERTEX 112
123
122
25
24
23
22
66
65
64
141
142
84
83
90
89
88
91
132
131
13
78
77
76
82
81
125
70
69
68
74
30
29
28
27
35
113
111
120
124

[MAP_VISIBILITY_GRAPH]
MAP_VERTEX 113
112
24
23
22
67
66
84
83
90
89
88
87
39
43
42
47
46
102
78
77
76
82
81
127
126
125
130
29
28
27
35
2
114

[MAP_VISIBILITY_GRAPH]
MAP_VERTEX 114
113
42
47
46
102
78
77
76
82
81
17
127
126
125
29
28
27
35
2
3
109

[MAP_VISIBILITY_GRAPH]
MAP_VERTEX 115
150
149
119
116
132
131
15
14
13
12
11
19
69
58
57
56
38
37
36
85
84
110
24
145
144
143
124
123
9
8
7
6
5
136
141
140
139
151

[MAP_VISIBILITY_GRAPH]
MAP_VERTEX 116
151
150
149
115
117
99
98
102
106
105
104
103
94
93
92
91
97
54
45
44
43
42
47
132
131
15
14
13
12
19
69
58
57
56
38
37
36
85
84
24
22
145
144
143
123
122
9
8
7
6
5
136
141
140
139

[MAP_VISIBILITY_GRAPH]
MAP_VERTEX 117
118
99
98
102
106
105
104
103
94
93
92
91
97
45
44
43
42
47
132
131
15
14
13
12
19
80
79
59
58
57
56
37
36
85
84
24
22
145
144
143
122
65
9
8
7
6
5
116

[MAP_VISIBILITY_GRAPH]
MAP_VERTEX 118
119
149
0
100
99
98
102
106
105
104
103
94
93
92
91
97
45
44
43
42
47
117

[MAP_VISIBILITY_GRAPH]
MAP_VERTEX 119
149
100
99
98
102
106
105
104
118
115
37
36
85
84
110
24
145
144
143
21
20
26
124
8
7
6
5
136
141
140
151
150

[MAP_VISIBILITY_GRAPH]
MAP_VERTEX 120
121
124
90
82
81
70
69
112
111
110
109
2
3

[MAP_VISIBILITY_GRAPH]
MAP_VERTEX 121
0
138
137
136
62
61
67
66
122
120
3

[MAP_VISIBILITY_GRAPH]
MAP_VERTEX 122
0
138
137
62
61
67
66
65
4
10
9
116
117
143
142
145
55
60
59
21
20
26
25
24
11
19
18
17
126
85
84
83
90
69
68
74
30
29
112
111
123
121

[MAP_VISIBILITY_GRAPH]
MAP_VERTEX 123
122
0
138
137
62
61
67
66
65
4
10
9
8
115
116
143
142
145
21
20
26
25
24
135
13
12
11
85
84
83
90
70
69
68
74
30
29
112
111
110
109
124

[MAP_VISIBILITY_GRAPH]
MAP_VERTEX 124
123
0
138
61
67
66
65
146
152
5
4
10
9
8
119
115
143
26
25
24
41
40
39
103
108
133
132
131
135
85
84
83
90
82
81
70
69
112
111
110
109
3
120

[MAP_VISIBILITY_GRAPH]
MAP_VERTEX 125
16
15
14
136
55
60
59
126
130
2
73
72
71
70
33
32
31
30
29
114
113
112
111
81
80
79
78
24
23
22
21
18
17

[MAP_VISIBILITY_GRAPH]
MAP_VERTEX 126
15
14
136
55
60
59
58
0
152
151
131
135
92
97
96
95
105
104
103
49
54
127
125
2
72
71
70
69
33
32
31
30
29
114
113
81
80
79
78
86
85
122
25
24
17
16

[MAP_VISIBILITY_GRAPH]
MAP_VERTEX 127
14
13
144
143
64
55
60
59
58
131
135
92
97
96
95
105
104
103
49
54
53
128
126
70
69
33
32
31
30
29
114
113
81
80
17
16
15

[MAP_VISIBILITY_GRAPH]
MAP_VERTEX 128
143
64
55
60
131
135
134
46
45
97
96
95
94
101
105
104
49
54
53
51
1
129
127
81
80
17
16
15
14
13
37
144

[MAP_VISIBILITY_GRAPH]
MAP_VERTEX 129
128
135
134
46
45
97
96
95
94
101
54
53
52
51
1
2
130

[MAP_VISIBILITY_GRAPH]
MAP_VERTEX 130
129
51
1
2
74
73
72
71
70
33
32
31
30
29
113
125

[MAP_VISIBILITY_GRAPH]
MAP_VERTEX 131
55
60
59
58
0
152
151
150
149
115
116
117
47
132
135
128
127
126
15
14
13
12
79
78
112
88
87
86
85
124
24
23
41
39
38
37
142
145
144
143
65
64
63

[MAP_VISIBILITY_GRAPH]
MAP_VERTEX 132
59
58
7
140
0
152
151
150
149
115
116
117
47
46
99
98
102
92
91
97
96
103
108
133
131
14
13
12
32
31
81
80
79
78
112
88
87
86
85
124
39
38
37
142
145
144
143
66
65
64
63
55
60

[MAP_VISIBILITY_GRAPH]
MAP_VERTEX 133
58
8
7
140
139
152
151
150
47
46
45
99
98
102
101
92
91
97
96
103
108
49
48
54
134
132
124
39
38
37
142
145
144
143
67
66
65
55
60
59

[MAP_VISIBILITY_GRAPH]
MAP_VERTEX 134
133
8
7
140
139
47
46
45
99
98
92
91
97
96
95
105
104
103
108
49
48
54
53
129
128
135

[MAP_VISIBILITY_GRAPH]
MAP_VERTEX 135
134
46
45
92
91
97
96
95
105
104
103
108
1
49
48
54
53
129
128
127
126
2
72
71
70
69
15
14
13
86
85
124
123
24
23
22
41
40
39
38
37
142
145
131

[MAP_VISIBILITY_GRAPH]
MAP_VERTEX 136
137
141
140
151
119
115
116
99
98
102
105
104
6
5
4
10
56
55
126
125
15
14
13
12
11
19
72
71
70
38
37
36
41
77
144
143
142
64
63
62
121
3

[MAP_VISIBILITY_GRAPH]
MAP_VERTEX 137
138
136
72
71
70
38
37
36
41
144
143
142
64
63
62
123
122
121
3

[MAP_VISIBILITY_GRAPH]
MAP_VERTEX 138
0
148
147
139
137
63
62
61
124
123
122
121
3

[MAP_VISIBILITY_GRAPH]
MAP_VERTEX 139
0
148
147
146
152
151
115
116
102
106
105
104
103
108
94
93
92
44
43
42
47
134
133
140
138

[MAP_VISIBILITY_GRAPH]
MAP_VERTEX 140
139
0
147
146
152
151
119
115
116
98
102
105
104
103
108
94
93
92
44
43
42
47
134
133
132
58
7
6
5
4
37
36
31
30
29
87
86
144
143
142
111
110
24
22
21
20
65
64
63
62
136
141

[MAP_VISIBILITY_GRAPH]
MAP_VERTEX 141
140
151
119
115
116
99
98
102
105
104
103
108
94
93
92
44
43
42
6
5
4
10
11
19
72
71
70
69
38
37
36
41
77
31
30
29
144
143
142
112
111
110
22
64
63
62
136

[MAP_VISIBILITY_GRAPH]
MAP_VERTEX 142
67
66
65
64
137
136
141
140
5
4
10
143
145
133
132
131
135
37
36
41
72
71
70
79
78
77
76
2
87
86
85
84
112
111
110
24
22
21
123
122

[MAP_VISIBILITY_GRAPH]
MAP_VERTEX 143
64
137
136
141
140
5
4
10
9
8
119
115
116
117
99
98
102
43
57
56
55
97
49
48
133
132
131
128
127
13
12
11
38
37
144
142
22
21
20
26
124
123
122
67
66
65

[MAP_VISIBILITY_GRAPH]
MAP_VERTEX 144
143
64
137
136
141
140
5
4
10
9
8
119
115
116
117
99
98
102
43
57
56
55
47
91
97
49
48
133
132
131
128
127
13
12
11
38
37
36
41
77
31
30
29
87
86
85
84
111
110
145

[MAP_VISIBILITY_GRAPH]
MAP_VERTEX 145
144
8
119
115
116
117
99
56
55
60
59
42
47
46
91
97
49
133
132
131
135
37
36
41
72
71
70
80
79
78
77
76
30
87
86
85
84
111
110
24
22
21
123
122
142

[MAP_VISIBILITY_GRAPH]
MAP_VERTEX 146
0
147
152
80
79
39
38
7
6
5
21
20
26
124
65
64
63
62
140
139

[MAP_VISIBILITY_GRAPH]
MAP_VERTEX 147
0
148
146
6
5
24
22
21
20
26
65
64
63
140
139
138

[MAP_VISIBILITY_GRAPH]
MAP_VERTEX 148
0
1
100
99
149
147
139
138

[MAP_VISIBILITY_GRAPH]
MAP_VERTEX 149
0
1
100
99
98
102
105
104
103
118
119
115
116
42
47
132
131
15
14
13
58
57
56
150
148

[MAP_VISIBILITY_GRAPH]
MAP_VERTEX 150
149
119
115
116
97
54
45
44
43
42
47
133
132
131
15
14
13
58
57
56
55
80
79
39
38
37
36
86
8
7
6
151

[MAP_VISIBILITY_GRAPH]
MAP_VERTEX 151
152
150
119
115
116
103
94
93
92
91
44
43
42
47
133
132
131
126
15
58
57
56
55
80
79
39
38
37
36
86
7
6
5
63
62
136
141
140
139

[MAP_VISIBILITY_GRAPH]
MAP_VERTEX 152
0
146
151
42
47
133
132
131
126
15
58
57
56
55
80
79
39
38
37
7
6
5
124
65
64
63
62
140
139

[MAP_VISIBILITY_GRAPH]
CITY_VERTEX 0
64
136
10
9
8
55
60
59
58
117
43
42
47
46
92
91
97
103
108
133
132
131
135
128
127
14
13
12
11
19
71
70
69
80
79
78
77
114
113
88
87
86
85
39
38
37
142
145
144
143

[MAP_VISIBILITY_GRAPH]
CITY_VERTEX 1
0
138
137
136
141
62
61
67
66
65
43
57
56
55
143
142
41
79
78
77
76
87
86
85
22
21
20
26
124
123
122
121
3

[MAP_VISIBILITY_GRAPH]
CITY_VERTEX 2
32
31
30
83
90
89
88
87
76
82
81
68
75
74
73
72
17
16
15
135
126
125
130
129
53
52
51
1
2
3
114
35
34
33

[MAP_VISIBILITY_GRAPH]
CITY_VERTEX 3
101
100
1
2
130
129
51
50
49
135
134
108
107
106
105
141
140
139
116
117
102

[MAP_VISIBILITY_GRAPH]
CITY_VERTEX 4
41
18
17
16
125
130
129
95
94
101
54
53
52
51
1
2
74
73
72
71
70
31
30
29
113
112
111
120
124
90
81
80
79
78
23
22
21

[MAP_VISIBILITY_GRAPH]
CITY_VERTEX 5
137
136
141
140
147
146
152
151
119
115
116
117
5
4
10
58
57
56
55
127
126
125
15
14
13
12
11
19
72
71
70
38
37
36
41
77
144
143
142
84
112
111
110
64
63
62

[MAP_VISIBILITY_GRAPH]
CITY_VERTEX 6
87
76
82
81
80
79
142
145
41
40
39
38
136
141
10
19
18
17
16
15
135
92
91
97
96
126
125
130
2
74
73
72
70

[MAP_VISIBILITY_GRAPH]
CITY_VERTEX 7
120
109
114
113
112
25
24
23
83
35
34
33
31
76
82
81
80
42
47
46
99
12
19
18
17
15
108
107
49
48
54
53
127
126
70
69
68
75
74
2
3

[MAP_VISIBILITY_GRAPH]
CITY_VERTEX 8
151
116
117
118
149
103
108
107
1
2
130
129
128
127
70
69
53
51
50
49
133
38
37
145
144
143
55
60
97
96
95
94
139

[MAP_VISIBILITY_GRAPH]
CITY_VERTEX 9
64
131
135
134
47
46
45
118
97
96
95
54
53
52
51
107
1
2
74
73
130
129
128
15
14
13
38
37
144
143

[MAP_VISIBILITY_GRAPH]
CITY_VERTEX 10
7
0
152
151
150
119
115
116
117
99
98
102
1
105
104
44
43
42
47
134
133
132
58
57
56
55
69
80
79
39
38
37
36
86
85
84
111
110
24
145
144
143
123
122
65
64
63
62
9
8

[MAP_VISIBILITY_GRAPH]
CITY_VERTEX 11
120
109
114
35
34
33
32
31
30
88
87
67
142
145
77
76
82
81
80
4
10
9
8
7
152
55
60
69
68
75
74
73
72
95
126
125
130
2
3

[MAP_VISIBILITY_GRAPH]
CITY_VERTEX 12
151
116
117
118
99
98
102
1
105
104
103
108
94
93
92
91
97
129
128
127
135
134
45
44
43
58
57
144
143
65
64
63
62
9
8
7
6
136
141
140
139

[MAP_VISIBILITY_GRAPH]
CITY_VERTEX 13
7
140
139
0
152
151
150
149
115
116
117
99
98
102
1
105
43
42
47
134
133
132
131
126
15
14
13
12
11
19
69
80
79
59
58
57
56
145
144
143
65
64
63
62
9
8

[MAP_VISIBILITY_GRAPH]
CITY_VERTEX 14
144
143
64
55
60
59
58
0
152
151
131
135
95
105
104
103
108
107
49
48
54
53
128
127
126
2
72
71
70
69
33
15
14
13
37

[MAP_VISIBILITY_GRAPH]
CITY_VERTEX 15
41
40
39
38
137
136
141
10
9
8
7
55
60
59
58
116
117
43
42
47
46
12
11
19
18
17
125
72
71
70
69
33
32
31
30
81
80
79
78
86
85
122
25
24
23
22
21

[MAP_VISIBILITY_GRAPH]
CITY_VERTEX 16
47
46
45
99
98
102
101
92
91
97
103
108
49
48
54
129
128
135
134
133
132
112
88
87
86
85
39
38
37
145
144
143
67
55
60
59
58
9

[MAP_VISIBILITY_GRAPH]
CITY_VERTEX 17
142
145
41
40
39
146
152
151
150
56
55
60
59
43
42
47
46
92
91
132
131
135
54
13
12
11
19
18
125
72
71
70
69
68
80
79
78
77
114
113
88
87
86
85
123
122
24
23
22
21

[MAP_VISIBILITY_GRAPH]
CITY_VERTEX 18
0
1
100
99
149
148
147
146
152
133
132
131
126
58
57
56
55
71
7
6
5
4
36
30
140
139
138
3

[MAP_VISIBILITY_GRAPH]
CITY_VERTEX 19
136
141
10
9
8
7
146
152
151
150
119
115
116
117
56
55
60
47
91
97
50
49
48
54
133
132
131
128
127
126
14
13
12
11
19
72
71
70
69
80
79
39
38
37
36
85
84
24
23
22
21
122
145
144
143
67
66
65
64
63

[MAP_VISIBILITY_GRAPH]
CITY_VERTEX 20
0
100
99
98
51
50
49
48
94
93
92
127
126
135
134
133
132
46
45
44
43
39
38
59
58
57
56
21
145
144
143
65
64
9
8
7
6
5
136
116
117
118
119
149
148

[MAP_VISIBILITY_GRAPH]
CITY_VERTEX 21
0
147
146
152
151
115
116
104
103
108
94
93
92
44
43
42
47
134
133
132
131
127
58
57
56
7
6
5
28
87
86
144
143
142
110
24
22
21
20
65
64
140
139

[MAP_VISIBILITY_GRAPH]
CITY_VERTEX 22
120
124
138
61
67
66
65
146
152
5
4
10
26
25
24
55
60
59
99
36
41
40
39
91
97
103
85
84
83
90
76
82
81
125
111
110
109
114
2
3

[MAP_VISIBILITY_GRAPH]
CITY_VERTEX 23
94
98
102
101
105
104
103
108
50
49
48
54
129
128
127
126
72
71
70
69
15
135
134
133
132
124
39
38
37
97
96
95

[MAP_VISIBILITY_GRAPH]
CITY_VERTEX 24
122
25
24
83
90
89
88
87
41
40
39
59
43
42
47
77
76
82
81
127
126
125
70
69
30
29
28
27
35
114
113
112
123

[MAP_VISIBILITY_GRAPH]
CITY_VERTEX 25
0
138
137
136
62
61
67
66
65
117
99
98
143
142
132
37
36
41
11
19
18
79
78
77
21
20
26
25
112
111
110
109
124
123
122
121
3

[MAP_VISIBILITY_GRAPH]
CITY_VERTEX 26
89
88
87
67
66
142
145
144
141
36
41
40
77
76
82
81
18
17
127
126
125
70
69
68
2
31
30
29
28
114
113
112
111
120
124
123
122
90

[MAP_VISIBILITY_GRAPH]
CITY_VERTEX 27
53
52
51
108
107
1
2
130
129
128
127
33
32
31
30
29
114
17
15
14
13
24
23
22
41
40
39
135
134
133
55
60
59
58
54

[MAP_VISIBILITY_GRAPH]
CITY_VERTEX 28
73
72
79
142
145
41
40
39
38
136
19
18
17
16
15
115
116
131
126
125
130
129
53
52
51
1
2
35
34
33
32
31
30
112
74

[MAP_VISIBILITY_GRAPH]
CITY_VERTEX 29
145
144
141
140
5
4
10
9
8
150
119
115
116
117
56
55
60
59
42
47
46
91
97
37
36
41
71
70
80
79
78
77
31
30
29
87
86
85
84
110
24
23
22
21
142

[MAP_VISIBILITY_GRAPH]
CITY_VERTEX 30
0
138
137
136
141
140
152
151
119
115
5
4
10
9
105
104
44
43
42
47
58
57
56
55
131
128
127
13
12
64
63
62
61
26
124
123
122
121
3

[MAP_VISIBILITY_GRAPH]
CITY_VERTEX 31
41
40
18
17
16
15
151
150
149
115
116
131
135
92
97
96
126
125
130
2
72
71
70
33
32
31
30
29
113
112
111
3
81
80
79
78
23
22
21

[MAP_VISIBILITY_GRAPH]
CITY_VERTEX 32
59
58
150
149
115
116
117
43
42
47
46
91
97
49
48
54
133
132
131
127
126
125
15
14
13
12
11
19
69
80
79
78
77
113
87
39
38
37
23
22
21
145
144
143
67
66
65
55
60

[MAP_VISIBILITY_GRAPH]
CITY_VERTEX 33
10
9
8
47
46
45
117
118
97
96
95
94
101
105
104
103
108
49
48
54
53
129
128
127
126
71
70
69
33
15
14
135
134
133
65
55
60
59
58

[MAP_VISIBILITY_GRAPH]
CITY_VERTEX 34
150
149
119
115
116
54
45
44
43
42
47
132
131
15
14
13
12
58
57
56
55
79
78
39
38
37
36
86
85
84
111
110
145
144
8
7
6
5
62
136
141
140
151

[MAP_VISIBILITY_GRAPH]
CITY_VERTEX 35
151
150
149
115
116
117
99
98
102
105
104
103
108
94
93
92
91
44
43
42
47
133
132
131
15
14
13
12
11
19
69
58
57
56
38
37
36
85
84
24
22
145
144
143
122
65
9
8
7
6
5
136
141
140
139

[MAP_VISIBILITY_GRAPH]
CITY_VERTEX 36
0
138
137
62
61
67
66
65
10
9
116
117
143
142
145
55
60
59
42
47
46
91
37
36
21
20
26
25
84
83
30
29
28
112
111
110
109
123
122
121
3

[MAP_VISIBILITY_GRAPH]
CITY_VERTEX 37
61
67
66
65
146
152
5
4
10
9
8
115
116
117
143
142
145
42
47
46
91
97
49
37
36
41
11
19
18
125
79
78
77
76
69
68
87
86
21
20
26
124
123
122

[MAP_VISIBILITY_GRAPH]
CITY_VERTEX 38
120
124
109
114
113
24
23
22
67
83
90
89
88
87
41
40
39
59
77
28
27
35
34
33
68
75
74
2
3

[MAP_VISIBILITY_GRAPH]
CITY_VERTEX 39
67
66
65
64
141
140
147
5
4
10
9
8
119
143
142
145
49
133
132
37
36
41
72
79
78
77
76
2
87
86
85
84
113
112
111
110
24
22
21
20
26
124
123
122

[MAP_VISIBILITY_GRAPH]
CITY_VERTEX 40
139
0
146
152
151
150
119
115
116
117
99
98
102
105
104
103
108
94
93
92
44
43
42
47
134
133
132
131
127
58
57
56
55
69
80
79
39
38
7
6
5
62
136
141
140

[MAP_VISIBILITY_GRAPH]
CITY_VERTEX 41
144
143
64
136
141
10
9
8
7
152
151
150
55
60
59
43
42
47
46
93
92
91
97
103
108
133
132
131
135
128
13
12
11
19
72
71
70
69
80
79
78
77
28
113
87
86
39
38
37

[MAP_VISIBILITY_GRAPH]
CITY_VERTEX 42
120
124
123
26
25
24
22
140
142
145
144
9
8
119
115
116
84
111
110
109
114
35
2
3

[MAP_VISIBILITY_GRAPH]
CITY_VERTEX 43
30
83
90
89
88
87
67
76
82
81
80
39
38
4
10
9
8
7
152
55
60
59
58
115
116
19
69
68
75
74
2
35
33
32
31

[MAP_VISIBILITY_GRAPH]
CITY_VERTEX 44
120
109
114
113
35
34
33
32
31
30
87
66
142
145
144
136
77
76
82
81
80
150
55
60
59
58
117
12
19
18
17
16
69
68
75
74
73
130
2
3

[MAP_VISIBILITY_GRAPH]
CITY_VERTEX 45
41
40
39
38
19
18
17
16
15
135
105
104
103
108
107
49
48
54
53
127
126
125
72
71
70
69
33
32
31
30
29
114
113
81
80
79
78
23
22
21

[MAP_VISIBILITY_GRAPH]
CITY_VERTEX 46
0
148
147
146
152
151
116
104
103
94
93
92
44
43
42
47
134
133
132
58
7
6
140
139
138

[MAP_VISIBILITY_GRAPH]
CITY_VERTEX 47
131
135
134
46
45
97
96
95
94
101
105
104
103
49
54
53
129
128
127
126
71
70
69
33
32
31
30
29
114
81
17
16
15
14
13
38
37
144
143
65
64
63

[MAP_VISIBILITY_GRAPH]
CITY_VERTEX 48
25
24
23
22
66
65
64
141
140
142
145
144
9
8
119
115
116
117
56
36
84
83
90
70
69
68
74
30
29
28
27
35
112
111
110
3
124
123
122

[MAP_VISIBILITY_GRAPH]
CITY_VERTEX 49
0
1
100
99
98
102
105
149
148
147
146
152
55
80
79
39
38
7
6
5
143
142
24
22
21
20
26
65
64
140
139
138

[MAP_VISIBILITY_GRAPH]
CITY_VERTEX 50
34
33
32
31
140
36
41
40
77
76
82
81
80
43
42
47
46
12
19
18
17
15
108
107
49
48
54
53
127
126
125
70
69
68
75
74
2
3
114
35

[MAP_VISIBILITY_GRAPH]
CITY_VERTEX 51
31
30
83
90
89
88
87
76
82
81
68
75
74
73
72
17
16
15
135
126
125
130
129
51
1
2
3
114
35
34
33
32

[MAP_VISIBILITY_GRAPH]
CITY_VERTEX 52
0
138
137
142
64
63
62
61
124
123
122
121
3

[MAP_VISIBILITY_GRAPH]
CITY_VERTEX 53
121
120
124
83
90
76
82
81
70
111
110
109
114
2
3

[MAP_VISIBILITY_GRAPH]
CITY_VERTEX 54
137
136
141
140
5
4
10
9
116
117
99
98
102
1
105
44
43
42
58
57
56
55
131
128
127
126
14
13
12
11
19
72
71
38
37
36
41
77
31
30
29
87
86
144
143
142
24
22
21
20
26
124
123
122
65
64
63
62

[MAP_VISIBILITY_GRAPH]
CITY_VERTEX 55
0
1
100
99
98
102
104
103
94
93
92
91
97
118
119
115
12
11
19
58
57
56
78
39
38
37
36
86
85
84
111
110
8
7
6
5
151
150
149
148

[MAP_VISIBILITY_GRAPH]
CITY_VERTEX 56
89
88
87
8
7
36
41
40
39
59
43
42
47
46
102
78
77
76
82
81
125
70
69
68
74
2
30
29
28
27
114
113
112
111
3
120
124
123
122
90

[MAP_VISIBILITY_GRAPH]
CITY_VERTEX 57
7
140
139
152
151
150
149
115
116
117
99
98
102
43
42
47
134
133
132
131
15
14
13
12
19
69
80
79
78
77
113
39
38
59
58
57
144
143
65
64
63
62
9
8

[MAP_VISIBILITY_GRAPH]
CITY_VERTEX 58
116
117
118
149
0
98
102
101
105
104
103
51
50
49
48
54
129
128
127
126
95
94
93
38
46
45
44
9
8
7
6
136
141
140
139

[MAP_VISIBILITY_GRAPH]
CITY_VERTEX 59
100
1
107
106
105
104
49
54
129
128
127
126
72
95
94
93
92
132
79
78
114
113
88
87
46
45
44
102
101

[MAP_VISIBILITY_GRAPH]
CITY_VERTEX 60
35
34
33
32
31
30
89
88
87
76
82
81
80
40
68
75
74
73
72
17
16
15
135
126
125
130
129
53
52
51
1
2
3
114

[MAP_VISIBILITY_GRAPH]
CITY_VERTEX 61
21
67
66
65
142
145
144
4
10
9
8
119
115
116
117
56
36
41
40
39
133
132
131
135
13
12
11
19
18
125
79
78
77
76
68
87
86
85
84
110
124
24
23
22

[MAP_VISIBILITY_GRAPH]
CITY_VERTEX 62
64
137
136
141
140
147
5
4
10
9
8
115
116
117
99
98
102
43
57
56
55
48
54
133
132
131
128
127
13
12
11
38
37
144
143
142
24
22
21
20
26
124
123
122
67
66
65

[MAP_VISIBILITY_GRAPH]
CITY_VERTEX 63
0
1
100
99
98
102
104
103
50
94
93
92
91
97
129
45
44
43
47
131
14
13
12
19
80
79
59
58
57
56
117
118
119
150
149
148

[MAP_VISIBILITY_GRAPH]
CITY_VERTEX 64
61
67
26
25
24
41
40
39
133
132
131
135
53
13
12
85
84
83
90
68
74
30
29
28
27
112
111
110
109
124
123
122

[MAP_VISIBILITY_GRAPH]
CITY_VERTEX 65
101
1
107
106
105
104
49
54
129
128
127
126
72
71
70
95
94
93
92
88
87
86
39
46
45
44
43
143
65
64
63
62
9
8
7
6
5
136
141
102

[MAP_VISIBILITY_GRAPH]
CITY_VERTEX 66
87
86
22
76
82
81
80
40
39
38
141
10
9
8
7
152
55
60
59
58
116
117
12
19
18
17
15
103
108
107
49
48
54
53
127
126
125
130
70
69
68
2
33
32
31
30
29
113
112
111
120
124
123
90
89
88

[MAP_VISIBILITY_GRAPH]
CITY_VERTEX 67
64
136
10
55
60
59
58
115
116
117
43
42
47
46
102
92
91
132
131
135
128
127
126
125
15
14
13
12
19
80
79
78
112
88
87
86
85
124
24
23
41
39
38
37
144
143

[MAP_VISIBILITY_GRAPH]
CITY_VERTEX 68
151
116
117
118
99
98
102
106
105
104
103
94
93
92
91
97
45
44
43
42
47
132
131
15
14
13
12
19
80
79
78
59
58
57
56
36
84
24
23
22
145
144
143
65
64
9
8
7
6
5
136
141
140
139

[CITY_VISIBILITY]
CITY_VERTEX 0
5
9
11
13
14
15
16
17
19
23
24
30
32
41
43
44
47
54
56
57
62
63
65
66
67
68

[CITY_VISIBILITY]
CITY_VERTEX 1
2
6
17
19
25
28
30
36
37
39
42
43
51
52
57
60
61
62
64

[CITY_VISIBILITY]
CITY_VERTEX 2
1
3
4
6
7
8
9
11
14
22
26
27
28
31
38
42
43
44
45
50
51
56
60
61

[CITY_VISIBILITY]
CITY_VERTEX 3
2
4
8
9
27
28
35
40
51
59
60
65
68

[CITY_VISIBILITY]
CITY_VERTEX 4
2
3
6
8
9
11
15
17
24
25
26
27
28
31
33
37
44
45
51
53
56
58
60
61
66

[CITY_VISIBILITY]
CITY_VERTEX 5
0
6
14
15
19
28
30
34
39
40
41
44
48
54
62
67

[CITY_VISIBILITY]
CITY_VERTEX 6
1
2
4
5
9
11
14
15
17
19
28
31
39
41
44
45
51
54
60

[CITY_VISIBILITY]
CITY_VERTEX 7
2
11
14
15
22
28
33
38
42
43
44
45
47
48
50
51
53
60
66
67

[CITY_VISIBILITY]
CITY_VERTEX 8
2
3
4
9
12
16
19
21
23
27
28
32
35
37
39
46
47
51
58
60
68

[CITY_VISIBILITY]
CITY_VERTEX 9
0
2
3
4
6
8
11
12
14
16
19
21
27
28
30
33
41
44
47
51
54
60
62
63
67

[CITY_VISIBILITY]
CITY_VERTEX 10
11
12
13
17
18
19
20
21
25
29
34
35
36
37
40
41
42
43
48
49
54
55
57
58
61
62
65
66
68

[CITY_VISIBILITY]
CITY_VERTEX 11
0
2
4
6
7
9
10
15
19
22
26
28
31
38
39
40
41
42
43
44
49
50
51
53
59
60
65
66

[CITY_VISIBILITY]
CITY_VERTEX 12
8
9
10
13
16
20
21
35
40
46
47
54
55
57
58
62
63
65
68

[CITY_VISIBILITY]
CITY_VERTEX 13
0
10
12
14
15
18
20
21
30
31
32
34
35
40
43
44
46
54
55
57
62
63
65
66
67
68

[CITY_VISIBILITY]
CITY_VERTEX 14
0
2
5
6
7
9
13
18
19
23
27
28
30
31
32
33
41
45
47
50
51
54
60
62
66
67

[CITY_VISIBILITY]
CITY_VERTEX 15
0
4
5
6
7
11
13
17
19
25
28
31
32
37
39
40
41
43
44
45
50
54
57
61
63
66
67
68

[CITY_VISIBILITY]
CITY_VERTEX 16
0
8
9
12
17
19
20
22
23
29
32
33
37
39
41
47
67

[CITY_VISIBILITY]
CITY_VERTEX 17
0
1
4
6
10
15
16
19
24
25
28
31
32
34
37
38
39
41
45
55
56
57
59
60
61
64
65
66
67

[CITY_VISIBILITY]
CITY_VERTEX 18
10
13
14
20
21
40
46
49
52
55
57
63

[CITY_VISIBILITY]
CITY_VERTEX 19
0
1
5
6
8
9
10
11
14
15
16
17
29
30
32
33
34
35
40
41
43
47
48
49
54
55
61
62
66
67
68

[CITY_VISIBILITY]
CITY_VERTEX 20
10
12
13
16
18
23
25
31
35
40
49
51
54
55
57
58
60
62
63
68

[CITY_VISIBILITY]
CITY_VERTEX 21
8
9
10
12
13
18
29
35
39
40
42
46
49
54
57
58
62
68

[CITY_VISIBILITY]
CITY_VERTEX 22
2
7
11
16
29
31
37
38
42
44
48
50
52
53
54
56
60
61
62
64

[CITY_VISIBILITY]
CITY_VERTEX 23
0
8
14
16
20
29
33
37
41
45
47
58
59
63
65
66

[CITY_VISIBILITY]
CITY_VERTEX 24
0
4
17
26
31
32
36
38
41
45
48
56
57
64
66

[CITY_VISIBILITY]
CITY_VERTEX 25
1
4
10
15
17
20
29
30
31
35
36
37
39
42
45
52
54
61
62
64
68

[CITY_VISIBILITY]
CITY_VERTEX 26
2
4
11
24
27
29
31
39
43
44
45
47
48
50
51
53
54
56
60
64
66

[CITY_VISIBILITY]
CITY_VERTEX 27
2
3
4
8
9
14
26
28
32
33
45
47
51
60
61
66
67

[CITY_VISIBILITY]
CITY_VERTEX 28
1
2
3
4
5
6
7
8
9
11
14
15
17
27
31
38
39
41
43
44
45
50
51
54
60

[CITY_VISIBILITY]
CITY_VERTEX 29
10
16
19
21
22
23
25
26
32
34
35
36
37
39
42
44
48
54
55
61
68

[CITY_VISIBILITY]
CITY_VERTEX 30
0
1
5
9
13
14
19
25
34
36
37
40
47
52
54
57
58
64
67

[CITY_VISIBILITY]
CITY_VERTEX 31
2
4
6
11
13
14
15
17
20
22
24
25
26
28
34
35
37
39
45
50
51
53
56
57
60
61
66

[CITY_VISIBILITY]
CITY_VERTEX 32
0
8
13
14
15
16
17
19
24
27
29
33
34
35
36
37
41
43
44
55
56
57
62
63
66
67
68

[CITY_VISIBILITY]
CITY_VERTEX 33
4
7
9
14
16
19
23
27
32
45
47
50
58
59
62
65
66
68

[CITY_VISIBILITY]
CITY_VERTEX 34
5
10
13
17
19
29
30
31
32
35
40
42
48
55
57
61
67

[CITY_VISIBILITY]
CITY_VERTEX 35
3
8
10
12
13
19
20
21
25
29
31
32
34
36
37
40
42
43
46
48
54
55
57
58
61
62
65
67
68

[CITY_VISIBILITY]
CITY_VERTEX 36
1
10
24
25
29
30
32
35
37
39
42
43
48
52
54
62
64
68

[CITY_VISIBILITY]
CITY_VERTEX 37
1
4
8
10
15
16
17
22
23
25
29
30
31
32
35
36
39
45
54
61
62
64

[CITY_VISIBILITY]
CITY_VERTEX 38
2
7
11
17
22
24
28
41
42
43
44
50
51
53
56
57
60

[CITY_VISIBILITY]
CITY_VERTEX 39
1
5
6
8
11
15
16
17
21
25
26
28
29
31
36
37
42
43
45
48
49
54
60
61
62

[CITY_VISIBILITY]
CITY_VERTEX 40
3
5
10
11
12
13
15
18
19
20
21
30
34
35
41
43
46
49
55
57
58
65
66
68

[CITY_VISIBILITY]
CITY_VERTEX 41
0
5
6
9
10
11
14
15
16
17
19
23
24
28
32
38
40
43
47
49
54
56
57
62
66
67

[CITY_VISIBILITY]
CITY_VERTEX 42
1
2
7
10
11
21
22
25
29
34
35
36
38
39
44
48
49
50
51
53
55
60
61
62
64

[CITY_VISIBILITY]
CITY_VERTEX 43
0
1
2
7
10
11
13
15
19
26
28
32
35
36
38
39
40
41
44
48
49
50
51
56
57
60
61
64
66

[CITY_VISIBILITY]
CITY_VERTEX 44
0
2
4
5
6
7
9
11
13
15
22
26
28
29
32
38
42
43
50
51
53
57
60
63
66
67
68

[CITY_VISIBILITY]
CITY_VERTEX 45
2
4
6
7
14
15
17
23
24
25
26
27
28
31
33
37
39
47
50
51
61
66

[CITY_VISIBILITY]
CITY_VERTEX 46
8
12
13
18
21
35
40
49
52
57
58
68

[CITY_VISIBILITY]
CITY_VERTEX 47
0
7
8
9
12
14
16
19
23
26
27
30
33
41
45
50
54
58
59
62
63
65
66
67

[CITY_VISIBILITY]
CITY_VERTEX 48
5
7
10
19
22
24
26
29
34
35
36
39
42
43
53
55
56
61
64
66
68

[CITY_VISIBILITY]
CITY_VERTEX 49
10
11
18
19
20
21
39
40
41
42
43
46
54
55
62
63
66

[CITY_VISIBILITY]
CITY_VERTEX 50
2
7
11
14
15
22
26
28
31
33
38
42
43
44
45
47
51
60
66
67

[CITY_VISIBILITY]
CITY_VERTEX 51
1
2
3
4
6
7
8
9
11
14
20
26
27
28
31
38
42
43
44
45
50
56
60
61

[CITY_VISIBILITY]
CITY_VERTEX 52
1
18
22
25
30
36
46

[CITY_VISIBILITY]
CITY_VERTEX 53
4
7
11
22
26
31
38
42
44
48
56
60
66

[CITY_VISIBILITY]
CITY_VERTEX 54
0
5
6
9
10
12
13
14
15
19
20
21
22
25
26
28
29
30
35
36
37
39
41
47
49
57
62
65
67
68

[CITY_VISIBILITY]
CITY_VERTEX 55
10
12
13
17
18
19
20
29
32
34
35
40
42
48
49
58
61
63
67

[CITY_VISIBILITY]
CITY_VERTEX 56
0
2
4
17
22
24
26
31
32
38
41
43
48
51
53
57
59
60
64
66

[CITY_VISIBILITY]
CITY_VERTEX 57
0
1
10
12
13
15
17
18
20
21
24
30
31
32
34
35
38
40
41
43
44
46
54
56
62
63
66
67
68

[CITY_VISIBILITY]
CITY_VERTEX 58
4
8
10
12
20
21
23
30
33
35
40
46
47
55
59
63
65
68

[CITY_VISIBILITY]
CITY_VERTEX 59
3
11
17
23
33
47
56
58
65
67

[CITY_VISIBILITY]
CITY_VERTEX 60
1
2
3
4
6
7
8
9
11
14
17
20
22
26
27
28
31
38
39
42
43
44
50
51
53
56
61
66

[CITY_VISIBILITY]
CITY_VERTEX 61
1
2
4
10
15
17
19
22
25
27
29
31
34
35
37
39
42
43
45
48
51
55
60
64
67
68

[CITY_VISIBILITY]
CITY_VERTEX 62
0
1
5
9
10
12
13
14
19
20
21
22
25
32
33
35
36
37
39
41
42
47
49
54
57
65
67
68

[CITY_VISIBILITY]
CITY_VERTEX 63
0
9
12
13
15
18
20
23
32
44
47
49
55
57
58
66
67
68

[CITY_VISIBILITY]
CITY_VERTEX 64
1
17
22
24
25
26
30
36
37
42
43
48
56
61
67

[CITY_VISIBILITY]
CITY_VERTEX 65
0
3
10
11
12
13
17
23
33
35
40
47
54
58
59
62

[CITY_VISIBILITY]
CITY_VERTEX 66
0
4
7
10
11
13
14
15
17
19
23
24
26
27
31
32
33
40
41
43
44
45
47
48
49
50
53
56
57
60
63
67
68

[CITY_VISIBILITY]
CITY_VERTEX 67
0
5
7
9
13
14
15
16
17
19
27
30
32
34
35
41
44
47
50
54
55
57
59
61
62
63
64
66
68

[CITY_VISIBILITY]
CITY_VERTEX 68
0
3
8
10
12
13
15
19
20
21
25
29
32
33
35
36
40
44
46
48
54
57
58
61
62
63
66
67

