[Border]
0 0
2000 0
2000 2000
0 2000

[Obstacle]
500 660
560 660
580 610
570 550
490 540
430 560
480 640

[Obstacle]
1280 1190
1340 1200
1400 1180
1400 1120
1460 1070
1340 1030
1280 1020
1250 1070
1300 1150

[Obstacle]
370 1490
420 1530
490 1500
450 1440
470 1390
410 1370
390 1440

[Obstacle]
1040 1820
1060 1810
1120 1790
1090 1740
1100 1680
1080 1660
1010 1680
980 1730
1010 1790

[Obstacle]
810 1200
850 1170
920 1130
860 1060
800 1060
750 1120

[Obstacle]
1210 640
1290 590
1280 500
1200 470
1140 500
1200 590

[Obstacle]
1720 650
1790 630
1790 560
1830 510
1790 490
1710 520
1740 590

[Obstacle]
910 790
970 740
960 690
890 710
840 760
860 820

[Obstacle]
200 1050
290 1010
350 980
340 900
230 900
160 920
170 1000

[Obstacle]
1520 1570
1570 1580
1600 1510
1610 1470
1520 1480
1470 1470
1430 1530
1490 1580

[Obstacle]
1100 1450
1150 1440
1160 1380
1070 1350
1000 1360
980 1410
1060 1460

[Obstacle]
750 1590
770 1540
830 1520
850 1460
780 1450
680 1470
650 1520
700 1590

[Obstacle]
1480 550
1520 500
1560 440
1550 390
1470 410
1430 460
1470 510

[Obstacle]
1460 190
1480 100
1420 80
1350 100
1380 170

[Obstacle]
1750 340
1800 230
1710 200
1650 210
1660 280
1710 340

[Obstacle]
780 1850
800 1780
710 1710
640 1730
630 1790
680 1850

[Obstacle]
730 250
790 300
890 250
850 200
720 180

[Obstacle]
270 1790
200 1700
100 1690
70 1780
130 1850

[Obstacle]
1810 1090
1810 1020
1720 980
1650 1040
1630 1100
1720 1150

[Obstacle]
1510 820
1440 750
1360 740
1310 790
1330 870

[Obstacle]
250 510
320 450
190 410
100 490
140 570
190 600

[Obstacle]
540 1140
550 980
520 970
500 1160

[Obstacle]
450 270
510 290
530 210
480 120
420 120
400 160
430 240

