[INFO]
FORMAT=MAP_POINTS
NAME=
VERSION=1.0
COMMENT=Load from simple-txt file 'old_maps/src/m3.txt'
COMMENT=Collinear points has been removed by the 'tmap_convert.cc' ver. 0.5
COMMENT=Created from file 'old_maps/src/m3.txt' by program ./tmap_convert version 0.5
COMMENT=Created from file 'maps/m3/m3.txt' by program ../map_tools/tmap_convert version 0.5

[MAP_POINTS]
0 10 10
1 10 490
2 490 490
3 490 10
4 239.473684 344.736842
5 239.473684 365.789474
6 281.578947 365.789474
7 281.578947 344.736842
8 260.526316 323.684211
9 260.526316 344.736842
10 450 155.263158
11 450 134.210526
12 407.894737 134.210526
13 428.947368 155.263158
14 176.315789 197.368421
15 155.263158 218.421053
16 176.315789 218.421053
17 92.105263 407.894737
18 134.210526 407.894737
19 155.263158 386.842105
20 134.210526 386.842105
21 113.157895 365.789474
22 92.105263 386.842105
23 113.157895 386.842105
24 50 50
25 50 71.052632
26 71.052632 71.052632
27 71.052632 50
28 92.105263 134.210526
29 71.052632 134.210526
30 71.052632 155.263158
31 50 155.263158
32 50 176.315789
33 92.105263 176.315789
34 218.421053 71.052632
35 218.421053 113.157895
36 197.368421 113.157895
37 197.368421 155.263158
38 218.421053 155.263158
39 218.421053 134.210526
40 239.473684 113.157895
41 239.473684 92.105263
42 50 197.368421
43 50 239.473684
44 92.105263 239.473684
45 71.052632 218.421053
46 92.105263 218.421053
47 92.105263 197.368421
48 218.421053 302.631579
49 218.421053 344.736842
50 239.473684 323.684211
51 239.473684 281.578947
52 386.842105 134.210526
53 407.894737 113.157895
54 407.894737 92.105263
55 386.842105 71.052632
56 365.789474 92.105263
57 386.842105 92.105263
58 365.789474 113.157895
59 386.842105 113.157895
60 365.789474 134.210526
61 302.631579 71.052632
62 281.578947 92.105263
63 281.578947 113.157895
64 344.736842 113.157895
65 344.736842 92.105263
66 365.789474 71.052632
67 365.789474 50
68 323.684211 92.105263
69 302.631579 92.105263
70 197.368421 323.684211
71 197.368421 281.578947
72 176.315789 281.578947
73 176.315789 302.631579
74 155.263158 302.631579
75 155.263158 323.684211
76 176.315789 92.105263
77 197.368421 92.105263
78 197.368421 50
79 176.315789 50
80 302.631579 239.473684
81 281.578947 239.473684
82 302.631579 260.526316
83 323.684211 260.526316
84 323.684211 239.473684
85 344.736842 218.421053
86 365.789474 218.421053
87 344.736842 197.368421
88 323.684211 197.368421
89 323.684211 218.421053
90 302.631579 197.368421
91 386.842105 281.578947
92 365.789474 281.578947
93 365.789474 302.631579
94 344.736842 302.631579
95 344.736842 323.684211
96 365.789474 323.684211
97 386.842105 302.631579
98 260.526316 281.578947
99 281.578947 281.578947
100 281.578947 260.526316
101 260.526316 260.526316
102 260.526316 50
103 239.473684 50
104 239.473684 71.052632
105 260.526316 92.105263
106 281.578947 71.052632
107 260.526316 71.052632
108 450 71.052632
109 428.947368 71.052632
110 450 50
111 407.894737 50
112 407.894737 71.052632
113 428.947368 92.105263
114 176.315789 365.789474
115 218.421053 365.789474
116 197.368421 344.736842
117 134.210526 344.736842
118 134.210526 365.789474
119 155.263158 365.789474
120 176.315789 386.842105
121 197.368421 386.842105
122 197.368421 428.947368
123 197.368421 450
124 260.526316 450
125 260.526316 428.947368
126 134.210526 197.368421
127 113.157895 176.315789
128 113.157895 197.368421
129 134.210526 218.421053
130 176.315789 176.315789
131 176.315789 155.263158
132 155.263158 176.315789
133 134.210526 176.315789
134 134.210526 239.473684
135 113.157895 218.421053
136 113.157895 260.526316
137 92.105263 260.526316
138 113.157895 281.578947
139 155.263158 281.578947
140 134.210526 260.526316
141 260.526316 218.421053
142 239.473684 239.473684
143 260.526316 239.473684
144 281.578947 218.421053
145 407.894737 281.578947
146 450 281.578947
147 450 260.526316
148 407.894737 260.526316
149 407.894737 239.473684
150 386.842105 239.473684
151 386.842105 260.526316
152 197.368421 197.368421
153 197.368421 239.473684
154 218.421053 239.473684
155 239.473684 218.421053
156 218.421053 218.421053
157 407.894737 302.631579
158 428.947368 323.684211
159 450 323.684211
160 450 302.631579
161 323.684211 450
162 365.789474 450
163 365.789474 428.947368
164 344.736842 428.947368
165 344.736842 407.894737
166 323.684211 407.894737
167 71.052632 428.947368
168 50 450
169 134.210526 450
170 134.210526 428.947368
171 218.421053 260.526316
172 197.368421 260.526316
173 218.421053 281.578947
174 155.263158 71.052632
175 155.263158 50
176 92.105263 50
177 92.105263 71.052632
178 344.736842 344.736842
179 344.736842 386.842105
180 365.789474 365.789474
181 365.789474 344.736842
182 71.052632 113.157895
183 92.105263 113.157895
184 92.105263 92.105263
185 50 92.105263
186 50 134.210526
187 407.894737 365.789474
188 407.894737 323.684211
189 386.842105 323.684211
190 386.842105 344.736842
191 407.894737 176.315789
192 407.894737 155.263158
193 386.842105 176.315789
194 386.842105 197.368421
195 407.894737 197.368421
196 407.894737 218.421053
197 450 218.421053
198 428.947368 197.368421
199 450 197.368421
200 450 176.315789
201 155.263158 92.105263
202 113.157895 92.105263
203 113.157895 155.263158
204 134.210526 155.263158
205 134.210526 113.157895
206 155.263158 113.157895
207 155.263158 155.263158
208 176.315789 134.210526
209 176.315789 113.157895
210 365.789474 197.368421
211 365.789474 176.315789
212 386.842105 155.263158
213 365.789474 155.263158
214 344.736842 134.210526
215 344.736842 155.263158
216 323.684211 155.263158
217 323.684211 176.315789
218 344.736842 176.315789
219 302.631579 281.578947
220 281.578947 302.631579
221 260.526316 302.631579
222 323.684211 365.789474
223 323.684211 323.684211
224 302.631579 323.684211
225 302.631579 302.631579
226 323.684211 302.631579
227 344.736842 281.578947
228 281.578947 197.368421
229 302.631579 176.315789
230 302.631579 155.263158
231 323.684211 134.210526
232 281.578947 134.210526
233 260.526316 113.157895
234 260.526316 134.210526
235 239.473684 134.210526
236 260.526316 155.263158
237 281.578947 155.263158
238 302.631579 365.789474
239 281.578947 386.842105
240 260.526316 386.842105
241 281.578947 407.894737
242 260.526316 407.894737
243 281.578947 428.947368
244 281.578947 450
245 302.631579 450
246 302.631579 407.894737
247 323.684211 386.842105
248 302.631579 386.842105
249 239.473684 407.894737
250 239.473684 386.842105
251 218.421053 386.842105
252 197.368421 407.894737
253 365.789474 260.526316
254 365.789474 239.473684
255 344.736842 239.473684
256 344.736842 260.526316
257 50 323.684211
258 71.052632 323.684211
259 71.052632 302.631579
260 92.105263 281.578947
261 71.052632 281.578947
262 71.052632 260.526316
263 50 260.526316
264 450 344.736842
265 428.947368 344.736842
266 428.947368 365.789474
267 407.894737 386.842105
268 428.947368 386.842105
269 428.947368 407.894737
270 450 386.842105
271 386.842105 450
272 407.894737 428.947368
273 407.894737 450
274 450 450
275 450 407.894737
276 428.947368 428.947368
277 407.894737 407.894737
278 386.842105 407.894737
279 386.842105 365.789474
280 365.789474 386.842105
281 365.789474 407.894737
282 386.842105 428.947368
283 155.263158 239.473684
284 155.263158 260.526316
285 176.315789 260.526316
286 176.315789 239.473684
287 50 344.736842
288 50 407.894737
289 71.052632 407.894737
290 71.052632 365.789474
291 92.105263 365.789474
292 113.157895 344.736842
293 197.368421 176.315789
294 218.421053 197.368421
295 260.526316 197.368421
296 260.526316 176.315789
297 428.947368 113.157895
298 450 113.157895
299 450 92.105263
300 176.315789 407.894737
301 155.263158 407.894737
302 155.263158 450
303 176.315789 450
304 134.210526 302.631579
305 92.105263 302.631579
306 92.105263 323.684211
307 134.210526 323.684211

[MAP_BORDER]
3
2
1
0

[MAP_OBSTACLE]
4
5
6
7
8
9

[MAP_OBSTACLE]
10
11
12
13

[MAP_OBSTACLE]
14
15
16

[MAP_OBSTACLE]
17
18
19
20
21
22
23

[MAP_OBSTACLE]
24
25
26
27

[MAP_OBSTACLE]
28
29
30
31
32
33

[MAP_OBSTACLE]
34
35
36
37
38
39
40
41

[MAP_OBSTACLE]
42
43
44
45
46
47

[MAP_OBSTACLE]
48
49
50
51

[MAP_OBSTACLE]
52
53
54
55
56
57
58
59
60

[MAP_OBSTACLE]
61
62
63
64
65
66
67
68
69

[MAP_OBSTACLE]
70
71
72
73
74
75

[MAP_OBSTACLE]
76
77
78
79

[MAP_OBSTACLE]
80
81
82
83
84
85
86
87
88
89
90

[MAP_OBSTACLE]
91
92
93
94
95
96
97

[MAP_OBSTACLE]
98
99
100
101

[MAP_OBSTACLE]
102
103
104
105
106
107

[MAP_OBSTACLE]
108
109
110
111
112
113

[MAP_OBSTACLE]
114
115
116
117
118
119
120
121

[MAP_OBSTACLE]
122
123
124
125

[MAP_OBSTACLE]
126
127
128
129
130
131
132
133

[MAP_OBSTACLE]
134
135
136
137
138
139
140

[MAP_OBSTACLE]
141
142
143
144

[MAP_OBSTACLE]
145
146
147
148
149
150
151

[MAP_OBSTACLE]
152
153
154
155
156

[MAP_OBSTACLE]
157
158
159
160

[MAP_OBSTACLE]
161
162
163
164
165
166

[MAP_OBSTACLE]
167
168
169
170

[MAP_OBSTACLE]
171
172
173

[MAP_OBSTACLE]
174
175
176
177

[MAP_OBSTACLE]
178
179
180
181

[MAP_OBSTACLE]
182
183
184
185
186

[MAP_OBSTACLE]
187
188
189
190

[MAP_OBSTACLE]
191
192
193
194
195
196
197
198
199
200

[MAP_OBSTACLE]
201
202
203
204
205
206
207
208
209

[MAP_OBSTACLE]
210
211
212
213
214
215
216
217
218

[MAP_OBSTACLE]
219
220
221
222
223
224
225
226
227

[MAP_OBSTACLE]
228
229
230
231
232
233
234
235
236
237

[MAP_OBSTACLE]
238
239
240
241
242
243
244
245
246
247
248

[MAP_OBSTACLE]
249
250
251
252

[MAP_OBSTACLE]
253
254
255
256

[MAP_OBSTACLE]
257
258
259
260
261
262
263

[MAP_OBSTACLE]
264
265
266
267
268
269
270

[MAP_OBSTACLE]
271
272
273
274
275
276
277
278
279
280
281
282

[MAP_OBSTACLE]
283
284
285
286

[MAP_OBSTACLE]
287
288
289
290
291
292

[MAP_OBSTACLE]
293
294
295
296

[MAP_OBSTACLE]
297
298
299

[MAP_OBSTACLE]
300
301
302
303

[MAP_OBSTACLE]
304
305
306
307

