169.000 1520.000
170.000 412.000
169.000 1158.000
1501.000 166.000
702.000 275.000
1644.000 644.000
945.000 2186.000
1308.000 2184.000
1925.000 1482.000
287.000 1932.000
334.000 2239.000
270.000 2235.000
292.000 49.000
333.000 1020.000
754.000 896.000
588.000 1439.000
623.000 560.000
655.000 2127.000
760.000 1656.000
925.000 856.000
1227.000 592.000
1432.000 438.000
1338.000 1530.000
1450.000 1070.000
1678.000 2066.000
1827.000 1851.000
1875.000 433.000
1851.000 795.000
2030.000 1970.000
2016.000 2112.000
1674.000 326.000
255.500 782.000
1355.000 1882.000
999.500 1169.500
693.500 1897.000
1726.000 1135.500
