[INFO]
FORMAT=MAP_POINTS_CITY_POINTS
NAME=m1.txt
VERSION=1.0
COMMENT=Load from simple-txt file 'old_maps/src/m1.txt'
COMMENT=Collinear points has been removed by the 'tmap_convert.cc' ver. 0.5
COMMENT=Created from file 'old_maps/src/m1.txt' by program ./tmap_convert version 0.5
COMMENT=Created from file '../data/maps/m1/m1.txt' by program ./tmap_convert version 0.5
COMMENT=Cities appended from the file 'cities4/m1/Dinf/0/cities.txt'

[MAP_POINTS]
0 10 10
1 10 490
2 490 490
3 490 10
4 210 410
5 250 410
6 250 450
7 330 450
8 330 410
9 290 410
10 290 370
11 330 370
12 330 330
13 210 330
14 210 370
15 250 370
16 290 290
17 290 250
18 330 250
19 290 210
20 250 210
21 250 250
22 210 210
23 210 290
24 90 250
25 130 250
26 170 290
27 170 210
28 130 210
29 130 170
30 90 210
31 90 130
32 50 130
33 50 290
34 90 290
35 290 50
36 290 90
37 250 50
38 210 50
39 250 90
40 250 130
41 290 170
42 290 130
43 330 170
44 330 130
45 370 170
46 370 130
47 410 130
48 450 90
49 330 90
50 330 50

[MAP_BORDER]
3
2
1
0

[MAP_OBSTACLE]
4
5
6
7
8
9
10
11
12
13
14
15

[MAP_OBSTACLE]
16
17
18
19
20
21
22
23

[MAP_OBSTACLE]
24
25
26
27
28
29
30
31
32
33
34

[MAP_OBSTACLE]
35
36
37
38
39
40
41
42
43
44
45
46
47
48
49
50

[CITY_POINTS]
0 366.1029322829 245.80635915616
1 300.46925420538 252.07636509399
2 408.55089135321 309.55601610869
3 378.45075212542 467.99820598264
4 311.69413775091 405.18388241786
5 160.18278669396 434.79464556878
6 54.751559523992 108.77427883276
7 55.8256035803 69.068183851738
8 145.43960045943 35.067431725158
9 195.55156738911 386.5061021994
10 24.760150298347 278.0013195584
11 357.20211210244 32.689379416511
12 260.32093974475 22.355833149651

