[INFO]
FORMAT=MAP_POINTS_CITY_POINTS
NAME=jari.txt
VERSION=1.0
COMMENT=Load from simple-txt file 'old_maps/src/jari.txt'
COMMENT=Created from file 'old_maps/src/jari.txt' by program ./tmap_convert version 0.5
COMMENT=Created from file '../data/maps/jari/jari.txt' by program ./tmap_convert version 0.5
COMMENT=Cities appended from the file 'cities4/jari/Dinf/0/cities.txt'

[MAP_POINTS]
0 259 175
1 323 175
2 323 122
3 259 122
4 183 6
5 186 3
6 279 3
7 282 6
8 282 8
9 449 8
10 452 11
11 452 164
12 449 167
13 418 167
14 418 304
15 415 307
16 270 307
17 270 416
18 282 416
19 282 321
20 285 318
21 449 318
22 452 321
23 452 493
24 449 496
25 13 496
26 10 493
27 10 321
28 13 318
29 199 318
30 199 307
31 13 307
32 10 304
33 10 243
34 6 243
35 3 240
36 3 178
37 6 175
38 180 175
39 180 167
40 13 167
41 10 164
42 10 11
43 13 8
44 173 8
45 176 11
46 176 84
47 183 84

[MAP_BORDER]
4
5
6
7
8
9
10
11
12
13
14
15
16
17
18
19
20
21
22
23
24
25
26
27
28
29
30
31
32
33
34
35
36
37
38
39
40
41
42
43
44
45
46
47

[MAP_OBSTACLE]
0
1
2
3

[CITY_POINTS]
0 384.22681376165 443.17076359666
1 204.00469442537 166.63349229806
2 402.76395146412 249.94935654633
3 394.26732239254 108.75881650112
4 224.5378630227 346.64850165527
5 86.654802310996 69.86134183124

