990.7741058290361 1658.848157947782
-30.34278285741888 364.06581080354454
-7.692786392552686 741.4017442245184
18.641850956305166 1310.0618905515148
1.6115987152770728 1134.879260368637
904.488036190065 1837.254360035029
-5.513290282348366 1925.444713699754
-24.104892228887813 2007.9598316198794
162.17160368746872 1399.1406123230245
437.4110814682994 1581.8286419406309
520.7041877467152 824.0244642071268
594.823164503272 1233.563891256391
112.06605980648202 992.8238244747529
1202.439734294729 899.6911410315024
904.5960923234916 999.1916137585115
852.9909096784274 1113.583148901819
710.143727110496 713.0342144548629
727.9121621085146 1446.7849312289338
931.183805314844 1379.546141418254
304.8679234653364 558.6092884453316
173.32144388899718 770.319477167857
604.1332128309969 951.4113446634436
1397.1349238876 536.7069843307667
1275.4127118400597 1138.166733308471
460.9746372513414 367.00118797453183
-26.193703487528506 207.33000494394008
206.0199708217301 302.87502461303575
238.87057053874105 408.9867263508718
1204.974741484653 484.24570953834683
1119.995545211814 176.1466442991158
1575.253370433644 527.3698798848075
1671.7070254269959 167.84820370084003
965.8506012987411 111.04137251016382
1152.906871271202 441.5483080337989
803.495256409357 351.1663080792386
979.3293990929304 543.383264782773
1717.8353066595955 1819.7326378603293
1694.4859026203558 1301.3344607133974
1315.8484456101078 1651.052461123468
473.22480743518895 655.9750635638103
1621.7314176748678 -28.00474523988541
535.3825704897679 -3.2942411010004182
-27.44237858515475 55.818440683795764
886.7753599237077 1.4942590503582842
1758.8918429150335 674.4047495386521
1871.1041057932562 -31.26196939749167
2028.6916243371006 330.6471073048676
1563.1002796569528 1091.0170699509995
2022.5708801657056 1542.5976040117753
2033.8610490903811 1198.6708904859197
1901.3907722387648 890.0113763032455
1584.4497786807233 2076.9764554666976
440.85256605546755 2086.3031640557474
1507.0317889757928 1851.5828964534653
1840.530399989861 2052.9847031178087
2019.8792875506665 1786.8624851673715
