168.0403618213265 103.37210658090846
261.65512921274455 12.129457690455986
324.2365086132507 202.53221704522696
459.8194522956471 162.9245733642409
479.99844777369685 73.51947982961565
218.1043531975471 331.1215521367522
433.0422738339671 222.201453260557
14.70748888510743 280.6660324923689
86.58545386138441 87.22383924636127
457.1286964017986 473.86120714777854
245.68495813220534 483.5721946215487
57.708350921200065 472.00838613236795
348.12702528607934 424.5713967463156
450.20726152561826 408.7625863707942
337.6826165343214 101.60862325860913
152.3534897505039 37.19071157819848
282.683782241187 40.79501714507279
