[INFO]
FORMAT=MAP_POINTS_CITY_POINTS
NAME=map.txt
VERSION=1.0
COMMENT=Load from simple-txt file 'old_maps/src/map.txt'
COMMENT=Created from file 'old_maps/src/map.txt' by program ./tmap_convert version 0.5
COMMENT=Created from file '../data/maps/map/map.txt' by program ./tmap_convert version 0.5
COMMENT=Cities appended from the file 'cities4/map/Dinf/0/cities.txt'

[MAP_POINTS]
0 10 10
1 10 490
2 490 490
3 490 10
4 295.915595 67.966113
5 368.259502 85.599952
6 370.319915 30.311645
7 398.246601 28.205251
8 375.137619 14.809726
9 315.118091 15.104681
10 29.120254 34.129219
11 209.573465 24.15794
12 291.550101 34.324639
13 194.390793 114.949695
14 272.883165 185.799079
15 359.430605 152.629539
16 358.003178 149.341918
17 371.991081 96.077697
18 295.997614 114.180599
19 287.479379 81.054972
20 279.973167 49.323094
21 210.747503 43.141319
22 191.08788 92.56953
23 210.778826 343.516897
24 21.673132 313.521584
25 42.934446 462.700524
26 119.011539 479.917131
27 168.117339 489.350655
28 190.181817 484.721816
29 219.168531 465.989455
30 314.731748 424.839128
31 244.433715 352.182745
32 461.06787 137.844701
33 468.816615 82.369821
34 455.544861 76.936226
35 448.742421 100.853307
36 361.688115 389.838431
37 477.034893 377.433501
38 413.802492 277.937963
39 333.495548 310.66348
40 342.888351 409.559202
41 357.724757 430.260969
42 328.225062 437.196871
43 327.60435 447.538647
44 315.849635 484.918763
45 420.484338 439.302621
46 436.196673 422.457945
47 375.293979 160.68886
48 410.014513 236.713583
49 424.358514 215.796674
50 488.890988 250.341986
51 457.875203 189.330544
52 211.869043 264.465932
53 219.608249 315.796032
54 257.712401 251.466578
55 248.336079 245.137496
56 215.828528 210.354315
57 72.368697 222.192812
58 123.634396 155.455089
59 172.779237 147.80935
60 115.533288 86.31698
61 88.801592 150.923223
62 81.276943 179.975085
63 69.84479 136.218658
64 64.544977 101.349981
65 66.18288 80.193173
66 42.232919 65.337825
67 25.057331 290.247326

[MAP_BORDER]
3
2
1
0

[MAP_OBSTACLE]
4
5
6
7
8
9
10
11
12

[MAP_OBSTACLE]
13
14
15
16
17
18
19
20
21
22

[MAP_OBSTACLE]
23
24
25
26
27
28
29
30
31

[MAP_OBSTACLE]
32
33
34
35

[MAP_OBSTACLE]
36
37
38
39
40
41
42
43
44
45
46

[MAP_OBSTACLE]
47
48
49
50
51

[MAP_OBSTACLE]
52
53
54
55
56

[MAP_OBSTACLE]
57
58
59
60
61
62
63
64
65
66
67

[CITY_POINTS]
0 168.04036182133 103.37210658091
1 261.65512921274 12.129457690456
2 324.23650861325 202.53221704523
3 459.81945229565 162.92457336424
4 479.9984477737 73.519479829616
5 218.10435319755 331.12155213675
6 433.04227383397 222.20145326056
7 14.707488885107 280.66603249237
8 86.585453861384 87.223839246361
9 457.1286964018 473.86120714778
10 245.68495813221 483.57219462155
11 57.7083509212 472.00838613237
12 348.12702528608 424.57139674632
13 450.20726152562 408.76258637079
14 337.68261653432 101.60862325861
15 152.3534897505 37.190711578198
16 282.68378224119 40.795017145073

