[INFO]
FORMAT=MAP_POINTS
NAME=
VERSION=1.0
COMMENT=Load from simple-txt file 'old_maps/src/h2.txt'
COMMENT=Created from file 'old_maps/src/h2.txt' by program ./tmap_convert version 0.5
COMMENT=Created from file 'maps/h2/h2.txt' by program ../map_tools/tmap_convert version 0.5

[MAP_POINTS]
0 7827.060314 -699.808559
1 7823.879125 -769.485499
2 7641.386332 -770.264439
3 7639.244167 -705.54412
4 7466.386821 -704.720784
5 7464.274202 -768.548461
6 7405.113793 -770.83512
7 7404.942574 -1639.768854
8 6982.692414 -1640.11544
9 6977.291955 -1680
10 6721.666667 -1680
11 6721.666667 -1655
12 6884.779024 -1655
13 6885.110609 -1212.340328
14 6919.094036 -1208.629062
15 6920.468994 -1314.387758
16 7071.98346 -1315.3045
17 7077.881608 -1343.662723
18 6920.423183 -1339.192375
19 6919.784939 -1569.147061
20 7029.341534 -1570.44737
21 7030.335193 -1426.428571
22 7060 -1426.428571
23 7060 -1569.245792
24 7184.3419 -1570.394313
25 7185.33355 -1426.666667
26 7210 -1426.666667
27 7210 -1569.184288
28 7324.586588 -1570.430825
29 7325.213501 -1334.736563
30 7199.312097 -1346.493519
31 7165 -1330.689638
32 7165 -1305.579449
33 7329.675345 -1304.698572
34 7330.165528 -1005.702644
35 7196.465716 -1004.640977
36 7194.17944 -945.4905
37 7001.489284 -944.749249
38 6999.201617 -1003.935743
39 6915.809468 -1005.574032
40 6914.580218 -1118.571429
41 6885 -1118.571429
42 6885 -1005.754208
43 6761.464639 -1004.613136
44 6759.17737 -945.436943
45 6541.488204 -944.777194
46 6539.201617 -1003.935743
47 6455.151878 -1005.58695
48 6454.923287 -1654.402831
49 6611.981587 -1655.295496
50 6616.952312 -1679.194677
51 6319.93321 -1690.280566
52 6261.428571 -1676.353344
53 6261.428571 -1650
54 6414.84675 -1650
55 6415.077228 -1005.816552
56 6301.463382 -1004.580597
57 6299.177009 -945.427604
58 6076.384803 -944.781752
59 6074.263404 -1008.874698
60 5995.153027 -1010.623749
61 5994.9227 -1654.384452
62 6147.681307 -1655.308723
63 6151.437789 -1689.706176
64 5817.368368 -1690.146143
65 5813.605246 -1655.687887
66 5954.846877 -1654.643736
67 5955.077239 -1010.784528
68 5836.579627 -1009.598683
69 5834.102396 -955.436715
70 5616.608156 -954.777557
71 5614.136807 -1008.81093
72 5540.150706 -1010.665603
73 5539.923859 -1664.436478
74 5706.978155 -1665.278997
75 5711.172954 -1685.447534
76 5675.278174 -1692.796306
77 5490.66512 -1688.588197
78 5489.666082 -1833.386746
79 5541.611633 -1835.762603
80 5547.44999 -1854.157635
81 5430.811072 -1855.426499
82 5429.569936 -1969.516659
83 5631.282036 -1970.254755
84 5625.610848 -1836.341356
85 5673.440724 -1834.153739
86 5675.762603 -1783.388367
87 5693.302377 -1777.821459
88 5695.851411 -1833.553316
89 5752.440753 -1835.740599
90 5756.595365 -1864.047778
91 5655.545371 -1865.493119
92 5654.716478 -2039.517195
93 5853.783135 -2040.245611
94 5855.657364 -1965.479362
95 6054.074125 -1964.753324
96 6055.489639 -1865.788655
97 5937.725162 -1864.610146
98 5933.676507 -1892.195397
99 5913.595875 -1896.371912
100 5906.705447 -1865
101 5847.667944 -1865
102 5843.316384 -1835.350926
103 6124.271676 -1834.822781
104 6125.380526 -1964.482339
105 6309.3833 -1965.267724
106 6310.3045 -1813.01654
107 6334.642102 -1807.95463
108 6335.177333 -2082.688417
109 6285 -2087.295302
110 6285 -2139.466876
111 6107.319855 -2140.267421
112 6102.853399 -2091.619628
113 5849.977316 -2068.792941
114 5650 -2085
115 5613.682333 -2085
116 5606.317667 -2110
117 5575.233866 -2097.555437
118 5374.048583 -2093.774635
119 5351.430514 -2035.620665
120 5386.074571 -2021.270627
121 5391.934521 -1690.873347
122 5282.992587 -1689.580333
123 5277.979501 -1665.477479
124 5484.849147 -1664.756566
125 5485.076053 -1010.81654
126 5371.363661 -1009.579512
127 5369.242012 -945.478994
128 5172.511449 -944.759126
129 5167.515153 -990
130 5080.146515 -990
131 5079.926279 -1663.91861
132 5160.230141 -1682.3847
133 4884.682176 -1667.836317
134 5049.855027 -1663.520523
135 5050.073277 -985.784489
136 4931.277163 -984.595656
137 4929.295315 -915.457288
138 4721.385309 -914.766455
139 4719.255234 -979.121542
140 4615.146359 -980.475051
141 4614.926133 -1654.364933
142 4761.98545 -1655.314071
143 4767.31657 -1680.946028
144 4429.971826 -1655.634772
145 4579.853594 -1654.667417
146 4580.073784 -980.889099
147 4476.275557 -979.539629
148 4474.294742 -910.437298
149 4256.384964 -909.776881
150 4254.255234 -974.121542
151 4150.146359 -975.475051
152 4149.926121 -1649.402847
153 4306.981587 -1650.295496
154 4311.172954 -1670.447534
155 4275.278174 -1677.796306
156 4090.643705 -1673.587709
157 4089.676881 -1823.38724
158 4142.083225 -1825.784172
159 4146.945748 -1849.163121
160 4030.779484 -1850.426843
161 4029.587597 -1969.528125
162 4234.213831 -1970.24122
163 4235.304108 -1861.293433
164 4214.02349 -1827.065649
165 4268.313482 -1824.080766
166 4270.852374 -1777.902589
167 4292.55673 -1773.38836
168 4297.295302 -1825
169 4371.920128 -1825
170 4376.929868 -1849.08677
171 4270.517278 -1850.470229
172 4269.731809 -2034.492767
173 4458.613894 -2035.257623
174 4460.757599 -1970.490742
175 4654.187044 -1969.746647
176 4655.426016 -1855.855443
177 4547.399008 -1854.573288
178 4543.840125 -1887.161367
179 4523.22047 -1891.449992
180 4517.159812 -1855.787675
181 4464.688369 -1833.109853
182 4718.397864 -1828.4288
183 4737.397758 -2047.01046
184 4707.960948 -2082.118022
185 4469.131441 -2086.524533
186 4461.317667 -2060
187 4268.682333 -2060
188 4260.881795 -2086.479605
189 4000.303301 -2064.267767
190 3980 -2055.857864
191 3993.423327 -2030.091007
192 3995.790181 -1680.987183
193 3902.596559 -1679.513624
194 3898.333151 -1650.465168
195 4109.853563 -1649.762339
196 4110.073756 -975.975855
197 4016.460099 -974.495654
198 4014.177009 -915.427604
199 3791.488017 -914.782051
200 3789.194405 -974.122333
201 3685.148533 -975.475023
202 3684.92514 -1639.024127
203 3777.403441 -1640.486376
204 3781.683616 -1669.649074
205 3501.428571 -1670.175903
206 3501.428571 -1640
207 3649.851307 -1640
208 3650.07486 -975.975873
209 3556.460099 -974.495654
210 3554.176332 -915.410076
211 3321.487665 -914.791157
212 3319.201617 -973.935743
213 3235.148496 -975.587017
214 3234.925032 -1639.344104
215 3376.987571 -1640.324265
216 3382.058527 -1664.705358
217 3047.689331 -1665.14572
218 3043.362726 -1635.666676
219 3189.850311 -1634.655984
220 3190.075425 -975.975882
221 3096.460099 -974.495654
222 3094.176332 -915.410076
223 2862.314275 -914.793356
224 2857.704698 -965
225 2765.147596 -965
226 2764.925571 -1634.402844
227 2921.981587 -1635.295496
228 2926.161893 -1655.394356
229 2900.265988 -1662.731862
230 2710.664893 -1658.621089
231 2709.666082 -1803.386746
232 2762.083225 -1805.784172
233 2766.952733 -1829.196703
234 2645.779659 -1830.409323
235 2644.587384 -1949.549385
236 2861.643616 -1950.237819
237 2854.630558 -1811.712451
238 2888.325329 -1808.865286
239 2890.852374 -1762.902589
240 2912.55673 -1758.38836
241 2917.295302 -1810
242 2991.920128 -1810
243 2996.938155 -1834.12661
244 2885.517368 -1835.449045
245 2884.731755 -2019.505312
246 3078.614108 -2020.251149
247 3080.758359 -1955.467795
248 3284.186911 -1954.758873
249 3285.42675 -1840.788026
250 3167.395343 -1839.606846
251 3163.888051 -1871.722511
252 3148.260011 -1876.682659
253 3142.02595 -1840
254 3086.428571 -1840
255 3086.428571 -1810
256 3343.458714 -1810
257 3362.397758 -2032.01046
258 3336.266957 -2063.175139
259 3085.233866 -2052.555437
260 2885.149805 -2062.967675
261 2629.669028 -2065.919028
262 2600 -2036.25
263 2617.53398 -2020.183137
264 2621.234726 -1665.865041
265 2512.605676 -1664.575741
266 2508.331599 -1635.454597
267 2724.852481 -1634.767862
268 2725.074304 -965.975864
269 2632.250144 -964.508146
270 2627.704698 -915
271 2401.597982 -915
272 2399.12637 -969.039125
273 2305.149627 -970.525067
274 2304.924592 -1628.974057
275 2392.407108 -1630.511361
276 2396.683616 -1659.649074
277 2117.693412 -1660.173525
278 2113.356613 -1630.625023
279 2269.850303 -1629.678154
280 2270.07544 -970.930482
281 2171.576102 -969.521624
282 2169.101561 -915.418448
283 1942.736457 -914.790167
284 1937.291955 -955
285 1840.147596 -955
286 1839.925583 -1624.364929
287 1987.682383 -1625.318569
288 1991.432264 -1659.655582
289 1707.371099 -1660.171151
290 1703.633756 -1625.948945
291 1804.85257 -1624.501189
292 1805.074377 -955.754895
293 1681.464639 -954.613136
294 1679.180945 -895.529433
295 1504.249304 -894.741272
296 1495.857864 -915
297 1479.142136 -915
298 1470.857864 -895
299 1296.597982 -895
300 1294.107973 -949.441361
301 1125.595078 -950.291236
302 1124.695121 -1108.632512
303 1060.446898 -1110.75905
304 1059.772115 -1323.511599
305 1119.67088 -1325.826797
306 1120.166943 -1618.488021
307 1590.067599 -1648.031202
308 1345 -1670
309 1330.224442 -1657.501651
310 1120.686899 -1653.738838
311 1119.648921 -1794.145447
312 1228.333333 -1795.435404
313 1228.333333 -1820
314 1120.783755 -1820
315 1119.620843 -1936.205972
316 1145 -1943.682333
317 1145 -2004.466876
318 1325.777607 -2005.281377
319 1307.005441 -1813.138177
320 1325 -1784.195695
321 1325 -1748.079872
322 1348.321035 -1743.229395
323 1350.898439 -1799.581552
324 1578.333333 -1800.212802
325 1578.333333 -1825
326 1410.519285 -1825
327 1409.730692 -2009.754376
328 1809.480183 -2010.124523
329 1810.267 -1825.786427
330 1690.935236 -1824.592234
331 1689.54177 -1922.015434
332 1668.340884 -1926.424947
333 1658.213266 -1800.518646
334 1833.423063 -1799.729231
335 1838.043223 -2038.155381
336 1150.635933 -2050.64456
337 1040.423529 -2057.228924
338 1039.775451 -2280.788732
339 2125 -2250
340 2233.711246 -2250
341 2235.692038 -2319.101537
342 5623.869408 -2304.971984
343 5625.548952 -4035.661591
344 2219.99823 -4070.292488
345 2064.639698 -4069.352488
346 2085 -4014.921698
347 2085 -3998.294553
348 2115 -3991.705447
349 2115 -3932.295302
350 2063.38836 -3927.55673
351 2068.079872 -3905
352 2109.931857 -3905
353 2110.034239 -2445.110807
354 1215.068146 -2444.944147
355 1214.965838 -3903.797206
356 1830.303301 -3930.732233
357 1810 -3939.142136
358 1810 -4025.857864
359 1830 -4034.142136
360 1830 -4064.865324
361 1095.388101 -4065.067921
362 1094.800293 -4314.864355
363 1815.062076 -4315.065715
364 1807.583792 -4549.463789
365 1637.708 -4550.272923
366 1645.27619 -4525.730438
367 1666.007414 -4419.360776
368 1672.097809 -4524.237238
369 1789.492185 -4525.412043
370 1790.262241 -4335.245617
371 1390.519817 -4334.875477
372 1389.732276 -4519.3833
373 1541.98346 -4520.3045
374 1547.029153 -4544.564128
375 1322.275501 -4545.215666
376 1317.527268 -4596.932531
377 1300 -4591.369592
378 1300 -4549.142136
379 1280 -4540.857864
380 1280 -4524.142136
381 1300 -4515.857864
382 1300 -4340.481768
383 1100.534242 -4339.751891
384 1099.726537 -4519.020987
385 1193.571429 -4520.504844
386 1193.571429 -4550
387 1100.63459 -4550
388 1099.669516 -4699.52841
389 1300.762929 -4700.229195
390 1311.27505 -4674.85069
391 1332.048772 -4700
392 1523.571429 -4700
393 1523.571429 -4730
394 1095.325149 -4730
395 1094.837724 -5027.313928
396 1055 -5032.708045
397 1055 -5242.02595
398 1090 -5247.97405
399 1090 -5424.216245
400 1209.438937 -5425.411511
401 1210.289966 -5594.153055
402 1317.562227 -5595.426252
403 1322.484847 -5640
404 1572.704698 -5640
405 1577.295302 -5590
406 1704.420551 -5590
407 1705.285877 -5428.231763
408 1735 -5421.705447
409 1735 -4731.024617
410 1647.592892 -4729.488639
411 1643.313808 -4700.33338
412 1938.571429 -4699.832916
413 1938.571429 -4730
414 1760.142344 -4730
415 1759.928331 -5424.110928
416 1864.552188 -5425.471132
417 1865.231653 -5639.699616
418 2189.550208 -5640.153227
419 2208.677907 -5430.052612
420 2210.662167 -4725.619086
421 2058.01654 -4724.6955
422 2053.006661 -4700.608063
423 2212.332236 -4699.702511
424 2217.708045 -4660
425 2262.291955 -4660
426 2267.708045 -4700
427 2378.333333 -4700
428 2378.333333 -4725
429 2260.141338 -4725
430 2259.92899 -5423.620071
431 2324.562866 -5425.759374
432 2325.226406 -5644.699608
433 2649.550208 -5645.153227
434 2650.225392 -5432.274608
435 2700 -5427.704698
436 2700 -4730.459629
437 2493.032436 -4729.771928
438 2488.070132 -4705.91323
439 2595.896742 -4704.511387
440 2575 -4345
441 2575 -4328.682333
442 2598.5577 -4321.742549
443 2603.401359 -4298.454297
444 2865 -4320
445 3064.845082 -4307.06753
446 3314.855654 -4304.072651
447 3347.533606 -4328.435662
448 3325 -4347.048772
449 3325 -4550.57771
450 3064.864133 -4531.484844
451 3122.96055 -4529.23931
452 3126.107224 -4492
453 3145 -4492
454 3145 -4534.216245
455 3264.212149 -4535.409241
456 3265.412403 -4415.471875
457 3061.281889 -4414.760507
458 3059.29628 -4345.490949
459 2865.520371 -4344.745521
460 2864.733287 -4529.146448
461 2973.333333 -4530.435404
462 2973.333333 -4555
463 2901.597982 -4555
464 2899.185949 -4607.736493
465 2866.529948 -4611.302794
466 2864.225977 -4551.694502
467 2817.902589 -4549.147626
468 2813.841508 -4529.621999
469 2835 -4520.857864
470 2835 -4415.470438
471 2630.853247 -4414.759013
472 2629.554971 -4524.144332
473 2738.571429 -4525.43823
474 2738.571429 -4555
475 2680.63459 -4555
476 2679.669833 -4704.479306
477 2860.753387 -4705.25223
478 2870.460953 -4681.816094
479 2905.475967 -4712.903567
480 2901.920128 -4730
481 2730.141338 -4730
482 2729.929058 -5428.398773
483 2784.55354 -5430.897158
484 2785.231681 -5644.708374
485 3119.539877 -5645.148656
486 3120.228395 -5437.935236
487 3155 -5432.02595
488 3155 -4735.701329
489 3022.616592 -4734.650115
490 3018.306228 -4705.28173
491 3367.311565 -4704.860381
492 3371.651248 -4734.428534
493 3200.141249 -4735.293525
494 3199.929271 -5432.698204
495 3250 -5437.295302
496 3250 -5644.694702
497 3569.550201 -5645.155611
498 3570.227571 -5431.587573
499 3624.857937 -5429.088919
500 3625.071727 -4735.701899
501 3493.007747 -4734.653221
502 3487.65104 -4708.898243
503 3765.049244 -4734.149029
504 3655.142204 -4735.453497
505 3654.928767 -5427.698158
506 3705 -5432.295302
507 3705 -5644.708069
508 4039.550223 -5645.14867
509 4040.225392 -5432.274608
510 4090 -5427.704698
511 4090 -4730.481768
512 3893.030169 -4729.761024
513 3888.089198 -4706.004902
514 3985.896273 -4704.458396
515 3965 -4345
516 3965 -4328.682333
517 3988.5577 -4321.742549
518 3993.401359 -4298.454297
519 4255 -4320
520 4454.845082 -4307.06753
521 4704.855654 -4304.072651
522 4737.533606 -4328.435662
523 4715 -4347.048772
524 4715 -4550.57771
525 4454.864133 -4531.484844
526 4512.96055 -4529.23931
527 4516.107224 -4492
528 4535 -4492
529 4535 -4534.216245
530 4654.212149 -4535.409241
531 4655.412403 -4415.471875
532 4451.281889 -4414.760507
533 4449.29628 -4345.490949
534 4255.520371 -4344.745521
535 4254.733287 -4529.146448
536 4363.333333 -4530.435404
537 4363.333333 -4555
538 4291.597982 -4555
539 4289.185949 -4607.736493
540 4256.529948 -4611.302794
541 4254.225977 -4551.694502
542 4207.902589 -4549.147626
543 4203.841508 -4529.621999
544 4225 -4520.857864
545 4225 -4415.470438
546 4020.853247 -4414.759013
547 4019.554971 -4524.144332
548 4128.571429 -4525.43823
549 4128.571429 -4555
550 4070.63459 -4555
551 4069.669833 -4704.479306
552 4250.753387 -4705.25223
553 4260.460953 -4681.816094
554 4295.475967 -4712.903567
555 4291.920128 -4730
556 4120.141338 -4730
557 4119.929058 -5428.398773
558 4174.55354 -5430.897158
559 4175.231681 -5644.708374
560 4509.539877 -5645.148656
561 4510.228395 -5437.935236
562 4545 -5432.02595
563 4545 -4735.701329
564 4412.616592 -4734.650115
565 4408.308696 -4705.29855
566 4737.310353 -4704.852126
567 4741.640429 -4734.354822
568 4590.141237 -4735.332616
569 4589.929271 -5432.698204
570 4640 -5437.295302
571 4640 -5644.703745
572 4969.539869 -5645.1509
573 4970.232874 -5436.587331
574 5024.857937 -5434.088919
575 5025.071769 -4740.5635
576 4857.321553 -4739.717471
577 4853.564755 -4705.317116
578 5162.630374 -4704.842338
579 5166.370938 -4739.094036
580 5060.142197 -4740.475105
581 5059.928826 -5432.507292
582 5105 -5437.484847
583 5105 -5644.708069
584 5439.529044 -5645.148642
585 5440.235391 -5442.458851
586 5485 -5437.515153
587 5485 -4740.470438
588 5282.326651 -4739.764148
589 5278.629062 -4705.905964
590 5385.483794 -4704.516756
591 5370 -4360
592 5370 -4329.142136
593 5389.599227 -4308.380716
594 5591.861823 -4287.005441
595 5620.804305 -4305
596 5650.857864 -4305
597 5659.142136 -4325
598 5849.891128 -4306.901214
599 6326.082564 -4304.036727
600 6300.579576 -4580.023646
601 6299.699758 -4415.54629
602 6125.679665 -4414.717416
603 6124.634838 -4556.050482
604 5844.880233 -4531.381543
605 5907.955944 -4529.293814
606 5911.13539 -4491.666667
607 5935 -4491.666667
608 5935 -4534.245792
609 6059.144955 -4535.392494
610 6060.449712 -4425.461124
611 5851.282049 -4424.766112
612 5849.297006 -4355.516284
613 5665.548997 -4354.731987
614 5664.718625 -4529.066572
615 5763.333333 -4530.477081
616 5763.333333 -4555
617 5691.597982 -4555
618 5689.158651 -4608.333333
619 5665 -4608.333333
620 5665 -4556.737058
621 5617.255436 -4554.112045
622 5614.026514 -4524.545367
623 5635 -4515.857864
624 5635 -4425.449306
625 5420.932688 -4424.770352
626 5419.510824 -4524.178966
627 5533.571429 -4525.419782
628 5533.571429 -4555
629 5480.61508 -4555
630 5479.672448 -4710.793415
631 5667.171049 -4691.761068
632 5701.076455 -4714.487783
633 5697.332056 -4740
634 5515.141338 -4740
635 5514.929058 -5438.398773
636 5569.532685 -5440.896204
637 5570.242913 -5644.699631
638 5894.517672 -5645.153181
639 5895.244257 -5446.58681
640 5949.860901 -5444.088784
641 5950.070223 -4735.678095
642 5813.010167 -4734.664857
643 5807.957392 -4710.371179
644 6073.333333 -4709.814794
645 6073.333333 -4735
646 5980.139368 -4735
647 5979.930015 -5443.517703
648 6039.521236 -5445.821013
649 6040.248948 -5644.695061
650 6359.517663 -5645.155564
651 6360.244684 -5446.470135
652 6419.859904 -5444.165897
653 6420.070794 -4740.430195
654 6196.666667 -4739.782569
655 6196.666667 -4715
656 6292.951228 -4715
657 6314.715131 -4711.922206
658 6588.333333 -4716.528299
659 6588.333333 -4740
660 6450.140346 -4740
661 6449.929825 -5442.507403
662 6495 -5447.484847
663 6495 -5644.685089
664 6804.529002 -5645.160578
665 6805.239493 -5441.281889
666 6874.223205 -5439.304474
667 6875.400446 -5321.666667
668 6900 -5321.666667
669 6900 -5436.705447
670 6930 -5443.294553
671 6930 -5639.680052
672 7234.517635 -5640.163181
673 7235.245374 -5441.28172
674 7304.681176 -5439.291346
675 7305.163026 -5135.580321
676 7143.020178 -5134.712991
677 7139.224752 -5116.464629
678 7179.476247 -5106.086902
679 7304.607037 -5111.998167
680 7305.198102 -4860.817867
681 7190.617673 -4859.571397
682 7189.693118 -5012.377097
683 7160.625023 -5016.643387
684 7159.682371 -4860.846616
685 7050.5654 -4859.551526
686 7049.71901 -5027.373297
687 7020.571466 -5031.651248
688 7019.710034 -4860.846945
689 6910.405091 -4859.549623
690 6909.793258 -5099.364075
691 7057.378524 -5100.316608
692 7061.539496 -5128.667117
693 6991.453459 -5130.67613
694 6989.201617 -5188.935743
695 6907.292901 -5190.544889
696 6903.802287 -5222.507843
697 6875.204108 -5226.705165
698 6874.89726 -4740.56262
699 6707.626703 -4739.71901
700 6703.319245 -4710.370421
701 6968.513234 -4709.814417
702 6970.828277 -4769.70916
703 7300.095974 -4752.605755
704 8932.889007 -4761.614795
705 8937.484847 -4720
706 9192.332056 -4720
707 9196.651248 -4749.428534
708 9025.202847 -4750.293214
709 9024.898383 -5232.65869
710 8992.207559 -5236.228794
711 8988.804542 -5195.955787
712 8896.460099 -5194.495654
713 8894.246525 -5137.226124
714 8843.38836 -5132.55673
715 8848.079872 -5110
716 8989.596059 -5110
717 8990.206092 -4870.89082
718 8885.58196 -4869.530612
719 8884.709249 -5032.679345
720 8850.586969 -5036.405775
721 8849.701365 -4870.846842
722 8740.61779 -4869.552147
723 8739.685892 -5023.571429
724 8710 -5023.571429
725 8710 -4870.815712
726 8595.389275 -4869.568912
727 8594.797562 -5121.02475
728 8721.171058 -5103.235586
729 8755.333973 -5137.094204
730 8595.317548 -5141.512948
731 8594.838105 -5443.706606
732 8664.424302 -5445.70129
733 8665.281632 -5605.97452
734 8685 -5614.142136
735 8685 -5664.596059
736 8922.264687 -5665.201386
737 8927.708045 -5625
738 8964.45228 -5625
739 8965.270412 -5453.23516
740 8995 -5446.705447
741 8995 -5328.079872
742 9019.227695 -5323.040821
743 9020.389299 -5448.799051
744 9094.455403 -5450.655729
745 9095.273099 -5622.328933
746 9135 -5627.708045
747 9135 -5669.604054
748 9378.392863 -5670.200174
749 9380.787675 -5617.840188
750 9415 -5612.02595
751 9415 -5442.97405
752 9450 -5437.02595
753 9450 -4750.655379
754 9307.619954 -4749.673027
755 9303.330117 -4720.444497
756 9524.967082 -4719.772783
757 9525.016495 -1690.430038
758 9302.328872 -1689.784489
759 9298.596163 -1655.604712
760 9459.8503 -1654.688199
761 9460.07544 -995.930482
762 9361.461039 -994.519978
763 9359.17737 -935.436943
764 9141.488204 -934.777194
765 9139.194405 -994.122333
766 9035.631565 -995.468743
767 9034.685929 -1141.98545
768 9010.647403 -1146.985157
769 9009.67273 -995.969514
770 8916.460099 -994.495654
771 8914.179917 -935.502826
772 8726.489534 -934.742796
773 8724.189344 -994.25328
774 8600.309439 -995.397534
775 8599.842148 -1309.40237
776 8756.981587 -1310.295496
777 8760.823118 -1328.765528
778 8725.523753 -1338.913098
779 8600.417578 -1333.002995
780 8599.78929 -1569.214136
781 8719.341788 -1570.410538
782 8720.324265 -1428.012429
783 8744.330955 -1423.019344
784 8745.339665 -1569.219644
785 8864.341788 -1570.410538
786 8865.326973 -1427.619954
787 8894.333324 -1423.362726
788 8895.33921 -1569.15364
789 9004.586536 -1570.450278
790 9005.215594 -1333.949335
791 8883.339444 -1352.815694
792 8845 -1330.204993
793 8845 -1310.563138
794 9013.925733 -1309.711181
795 9033.034905 -1229.873786
796 9036.005933 -1654.408984
797 9192.680297 -1655.299467
798 9196.42872 -1689.623137
799 8937.312498 -1690.187296
800 8932.704698 -1640
801 8520.113957 -1640
802 8519.942782 -771.287114
803 8451.269221 -769.318589
804 8449.297812 -700.544375
805 8276.29677 -699.720355
806 8274.29628 -769.509051
807 8081.295963 -770.251495
808 8079.293079 -700.379269
809 2391.317667 -4290
810 2398.314496 -4313.751343
811 2425 -4317.667944
812 2425 -4346.317667
813 2400.759389 -4353.458627
814 2398.394867 -4405.156352
815 2085.763618 -4404.691106
816 2083.633168 -4340.324706
817 1933.014843 -4339.352597
818 1938.079872 -4315
819 2081.136214 -4315
820 2089.14784 -4290
821 2405.732988 -1955
822 2421.322128 -2011.405508
823 2440 -2019.142136
824 2440 -2037.332056
825 2415.143857 -2040.980163
826 2109.696646 -2061.338706
827 2100.993635 -2040.327779
828 1963.024157 -2039.307817
829 1968.01455 -2015.314071
830 2113.737183 -2014.37356
831 2117.286864 -1955
832 3795.29232 -4303.01545
833 3815 -4329.142136
834 3815 -4346.317667
835 3790.705219 -4353.474585
836 3788.512958 -4410.192738
837 3535.761293 -4409.620854
838 3533.643451 -4345.635375
839 3458.448282 -4343.750394
840 3462.667944 -4315
841 3525.317397 -4315
842 3535.705377 -4298.547712
843 3788.923418 -1970
844 3821.942333 -2044.307667
845 3790.330972 -2075.919028
846 3534.850195 -2072.967675
847 3473.179245 -2058.562156
848 3477.939157 -2035.67656
849 3538.852586 -2033.660399
850 3542.162803 -1970
851 5174.025925 -1980.367351
852 5207.146941 -2058.219824
853 5182.747273 -2090.946942
854 4924.850195 -2087.967675
855 4843.112518 -2073.882978
856 4847.963062 -2050.561622
857 4923.906652 -2048.882585
858 4927.060314 -1979.808559
859 5185.29232 -4303.01545
860 5205 -4329.142136
861 5205 -4346.317667
862 5180.705219 -4353.474585
863 5178.512958 -4410.192738
864 4925.761293 -4409.620854
865 4923.643451 -4345.635375
866 4848.448282 -4343.750394
867 4852.667944 -4315
868 4915.317397 -4315
869 4925.705377 -4298.547712
870 6285.176657 -2346.027722
871 6284.651204 -2625.550796
872 6194.669645 -2623.969577
873 6195.652235 -2344.454536
874 6285.289044 -2871.029697
875 6284.434103 -3040.546981
876 6194.480305 -3038.96625
877 6196.0173 -2869.460951
878 6285.306797 -3391.030009
879 6284.400161 -3550.546385
880 6194.451672 -3548.965747
881 6196.071861 -3389.46191
882 6285.179834 -3766.027778
883 6284.645013 -4040.550687
884 6194.664089 -4038.96948
885 6195.663048 -3764.454726
886 6970.046478 -1975.261458
887 6969.907547 -3050.588118
888 6885.603518 -3048.931915
889 6883.86218 -2970.170434
890 6594.865223 -2969.663689
891 6595.264876 -2599.994881
892 6621.445531 -2945.192832
893 6875.105015 -2944.618894
894 6874.792073 -2468.953623
895 6614.845082 -2472.06753
896 6594.28527 -2481.771473
897 6596.042728 -2436.302541
898 6875.146706 -2441.425709
899 6874.716106 -2094.804539
900 6620 -2095.380868
901 6620 -2308.333333
902 6594.722078 -2308.333333
903 6595.551996 -1974.867242
904 6965.049105 -3401.080906
905 6964.902183 -4415.135035
906 6593.878354 -4414.733917
907 6597.178894 -4039.843103
908 6615.367291 -4300.18793
909 6880.124664 -4299.632842
910 6879.752711 -3897.931951
911 6594.641888 -3904.291519
912 6596.004902 -3818.089198
913 6618.676507 -3822.804603
914 6622.700826 -3850.22404
915 6835.129426 -3849.550284
916 6834.745018 -3464.768203
917 6621.645671 -3465.444086
918 6616.789561 -3710.332935
919 6595.178571 -3435
920 6876.772311 -3435
921 6883.682855 -3399.482418
922 7375.407307 -2820.981129
923 7374.211091 -2940.514958
924 7279.295324 -2939.014169
925 7281.364315 -2819.49414
926 7370.463527 -3506.032763
927 7369.104824 -3610.541195
928 7279.212079 -3608.961537
929 7281.520769 -3504.469799
930 7370.569608 -3876.034627
931 7368.909494 -3960.537762
932 7279.061732 -3958.958895
933 7281.794551 -3874.47461
934 7362.332056 -4255
935 7366.293273 -4281.989498
936 7398.05137 -4288.964746
937 7387.373607 -4384.289261
938 7279.235509 -4370.819679
939 7281.403127 -4255
940 7405.60967 -2025.789856
941 7403.858412 -2105
942 7372.97405 -2105
943 7366.935923 -2140.529738
944 7284.271329 -2138.905743
945 7286.41067 -2024.596992
946 7375.538754 -2441.034085
947 7373.965915 -2530.538754
948 7284.104579 -2528.959648
949 7286.717213 -2439.473251
950 7780.570608 -4285.983712
951 7778.910035 -4370.510198
952 7684.060064 -4369.010449
953 7686.793699 -4284.500929
954 7780.602994 -2021.091788
955 7778.845871 -2100.567261
956 7694.016507 -2098.900737
957 7696.880285 -2019.447005
958 7775.788832 -1061.311366
959 7773.494332 -1120.674633
960 7703.778873 -1118.676243
961 7707.325792 -1059.348876
962 7775.788832 -1546.311366
963 7773.494332 -1605.674633
964 7703.778873 -1603.676243
965 7707.325792 -1544.348876
966 8225.570608 -4285.983712
967 8223.910035 -4370.510198
968 8129.060064 -4369.010449
969 8131.793699 -4284.500929
970 8230.604245 -2021.035236
971 8228.846547 -2100.536656
972 8139.014441 -2098.958064
973 8141.879236 -2019.476098
974 8225.733161 -1056.229087
975 8223.601426 -1120.634321
976 8148.847386 -1118.760398
977 8152.194749 -1054.385637
978 8220.788832 -1546.311366
979 8218.494332 -1605.674633
980 8148.778873 -1603.676243
981 8152.325792 -1544.348876
982 8640.393392 -2020.757842
983 8639.241265 -2145.490067
984 8540 -2144.070597
985 8540 -2107.97405
986 8504.60982 -2101.95964
987 8519.310904 -2019.639427
988 8630 -4256.024617
989 8630 -4374.855924
990 8534.52738 -4387.860713
991 8510 -4363.333333
992 8510 -4282.667944
993 8536.529003 -4278.774313
994 8544.302088 -4254.518674
995 8640.511893 -2440.982783
996 8639.017217 -2535.511893
997 8544.142237 -2534.011748
998 8546.645594 -2439.498587
999 8640.424646 -2825.981404
1000 8639.178691 -2940.514446
1001 8544.269307 -2939.013757
1002 8546.412581 -2824.494903
1003 8635.463527 -3506.032763
1004 8634.104824 -3610.541195
1005 8544.212079 -3608.961537
1006 8546.520769 -3504.469799
1007 8630.568499 -3876.09111
1008 8628.90889 -3960.568499
1009 8544.063583 -3958.901662
1010 8546.795498 -3874.44534
1011 9024.514391 -3391.070401
1012 9025.91877 -3489.256568
1013 9090.934519 -3491.408511
1014 9088.305498 -3539.225977
1015 9029.845883 -3541.485549
1016 9030.305592 -3860.203362
1017 9275.155688 -3859.603673
1018 9274.695803 -3540.763774
1019 9209.146721 -3538.594178
1020 9211.617923 -3484.564018
1021 9320.697382 -3485.858663
1022 9318.60694 -4142.795197
1023 9263.785187 -4125.265937
1024 9268.230171 -4111.261033
1025 9295.246078 -4107.29594
1026 9294.504821 -3914.604182
1027 9171.853949 -3915.737084
1028 9165.019656 -4300.344913
1029 9309.300855 -4299.349445
1030 9311.291801 -4229.893705
1031 9330.719135 -4420.12891
1032 8939.904818 -4419.748361
1033 8940.189284 -3389.413785
1034 9325.255487 -1975.258298
1035 9324.49859 -2172.015522
1036 9300.561622 -2167.036938
1037 9298.849795 -2089.610232
1038 9173.519954 -2090.767879
1039 9177.934955 -2265.305191
1040 9174.794841 -2296.134283
1041 9175.471766 -2490.380918
1042 9305.24142 -2489.271127
1043 9304.529562 -2285
1044 9261.666667 -2285
1045 9261.666667 -2260
1046 9305.364745 -2260
1047 9314.736068 -2244.836881
1048 9330.258238 -2940.480311
1049 9225 -2939.11186
1050 9225 -2892.295302
1051 9275.144115 -2887.691466
1052 9274.712003 -2549.79237
1053 9034.855567 -2550.40431
1054 9035.282701 -2894.235515
1055 9100.853279 -2896.405822
1056 9098.435043 -2949.277956
1057 9035.533028 -2951.359936
1058 9033.965915 -3040.538754
1059 8944.908087 -3038.973767
1060 8945.183098 -1974.868604

[MAP_BORDER]
0
1
2
3
4
5
6
7
8
9
10
11
12
13
14
15
16
17
18
19
20
21
22
23
24
25
26
27
28
29
30
31
32
33
34
35
36
37
38
39
40
41
42
43
44
45
46
47
48
49
50
51
52
53
54
55
56
57
58
59
60
61
62
63
64
65
66
67
68
69
70
71
72
73
74
75
76
77
78
79
80
81
82
83
84
85
86
87
88
89
90
91
92
93
94
95
96
97
98
99
100
101
102
103
104
105
106
107
108
109
110
111
112
113
114
115
116
117
118
119
120
121
122
123
124
125
126
127
128
129
130
131
132
133
134
135
136
137
138
139
140
141
142
143
144
145
146
147
148
149
150
151
152
153
154
155
156
157
158
159
160
161
162
163
164
165
166
167
168
169
170
171
172
173
174
175
176
177
178
179
180
181
182
183
184
185
186
187
188
189
190
191
192
193
194
195
196
197
198
199
200
201
202
203
204
205
206
207
208
209
210
211
212
213
214
215
216
217
218
219
220
221
222
223
224
225
226
227
228
229
230
231
232
233
234
235
236
237
238
239
240
241
242
243
244
245
246
247
248
249
250
251
252
253
254
255
256
257
258
259
260
261
262
263
264
265
266
267
268
269
270
271
272
273
274
275
276
277
278
279
280
281
282
283
284
285
286
287
288
289
290
291
292
293
294
295
296
297
298
299
300
301
302
303
304
305
306
307
308
309
310
311
312
313
314
315
316
317
318
319
320
321
322
323
324
325
326
327
328
329
330
331
332
333
334
335
336
337
338
339
340
341
342
343
344
345
346
347
348
349
350
351
352
353
354
355
356
357
358
359
360
361
362
363
364
365
366
367
368
369
370
371
372
373
374
375
376
377
378
379
380
381
382
383
384
385
386
387
388
389
390
391
392
393
394
395
396
397
398
399
400
401
402
403
404
405
406
407
408
409
410
411
412
413
414
415
416
417
418
419
420
421
422
423
424
425
426
427
428
429
430
431
432
433
434
435
436
437
438
439
440
441
442
443
444
445
446
447
448
449
450
451
452
453
454
455
456
457
458
459
460
461
462
463
464
465
466
467
468
469
470
471
472
473
474
475
476
477
478
479
480
481
482
483
484
485
486
487
488
489
490
491
492
493
494
495
496
497
498
499
500
501
502
503
504
505
506
507
508
509
510
511
512
513
514
515
516
517
518
519
520
521
522
523
524
525
526
527
528
529
530
531
532
533
534
535
536
537
538
539
540
541
542
543
544
545
546
547
548
549
550
551
552
553
554
555
556
557
558
559
560
561
562
563
564
565
566
567
568
569
570
571
572
573
574
575
576
577
578
579
580
581
582
583
584
585
586
587
588
589
590
591
592
593
594
595
596
597
598
599
600
601
602
603
604
605
606
607
608
609
610
611
612
613
614
615
616
617
618
619
620
621
622
623
624
625
626
627
628
629
630
631
632
633
634
635
636
637
638
639
640
641
642
643
644
645
646
647
648
649
650
651
652
653
654
655
656
657
658
659
660
661
662
663
664
665
666
667
668
669
670
671
672
673
674
675
676
677
678
679
680
681
682
683
684
685
686
687
688
689
690
691
692
693
694
695
696
697
698
699
700
701
702
703
704
705
706
707
708
709
710
711
712
713
714
715
716
717
718
719
720
721
722
723
724
725
726
727
728
729
730
731
732
733
734
735
736
737
738
739
740
741
742
743
744
745
746
747
748
749
750
751
752
753
754
755
756
757
758
759
760
761
762
763
764
765
766
767
768
769
770
771
772
773
774
775
776
777
778
779
780
781
782
783
784
785
786
787
788
789
790
791
792
793
794
795
796
797
798
799
800
801
802
803
804
805
806
807
808

[MAP_OBSTACLE]
809
810
811
812
813
814
815
816
817
818
819
820

[MAP_OBSTACLE]
821
822
823
824
825
826
827
828
829
830
831

[MAP_OBSTACLE]
832
833
834
835
836
837
838
839
840
841
842

[MAP_OBSTACLE]
843
844
845
846
847
848
849
850

[MAP_OBSTACLE]
851
852
853
854
855
856
857
858

[MAP_OBSTACLE]
859
860
861
862
863
864
865
866
867
868
869

[MAP_OBSTACLE]
870
871
872
873

[MAP_OBSTACLE]
874
875
876
877

[MAP_OBSTACLE]
878
879
880
881

[MAP_OBSTACLE]
882
883
884
885

[MAP_OBSTACLE]
886
887
888
889
890
891
892
893
894
895
896
897
898
899
900
901
902
903

[MAP_OBSTACLE]
904
905
906
907
908
909
910
911
912
913
914
915
916
917
918
919
920
921

[MAP_OBSTACLE]
922
923
924
925

[MAP_OBSTACLE]
926
927
928
929

[MAP_OBSTACLE]
930
931
932
933

[MAP_OBSTACLE]
934
935
936
937
938
939

[MAP_OBSTACLE]
940
941
942
943
944
945

[MAP_OBSTACLE]
946
947
948
949

[MAP_OBSTACLE]
950
951
952
953

[MAP_OBSTACLE]
954
955
956
957

[MAP_OBSTACLE]
958
959
960
961

[MAP_OBSTACLE]
962
963
964
965

[MAP_OBSTACLE]
966
967
968
969

[MAP_OBSTACLE]
970
971
972
973

[MAP_OBSTACLE]
974
975
976
977

[MAP_OBSTACLE]
978
979
980
981

[MAP_OBSTACLE]
982
983
984
985
986
987

[MAP_OBSTACLE]
988
989
990
991
992
993
994

[MAP_OBSTACLE]
995
996
997
998

[MAP_OBSTACLE]
999
1000
1001
1002

[MAP_OBSTACLE]
1003
1004
1005
1006

[MAP_OBSTACLE]
1007
1008
1009
1010

[MAP_OBSTACLE]
1011
1012
1013
1014
1015
1016
1017
1018
1019
1020
1021
1022
1023
1024
1025
1026
1027
1028
1029
1030
1031
1032
1033

[MAP_OBSTACLE]
1034
1035
1036
1037
1038
1039
1040
1041
1042
1043
1044
1045
1046
1047
1048
1049
1050
1051
1052
1053
1054
1055
1056
1057
1058
1059
1060

