6480 7900
1082.000 9371.000
9118.000 12197.000
4945.000 7636.000
2460.000 9593.000
1250.000 5630.000
11692.000 10821.000
5148.000 12155.000
8491.000 8114.000
4918.000 4531.000
6577.000 12204.000
8979.000 8630.000
3786.000 5593.000
3592.000 10711.000
9226.000 10820.000
1074.000 7209.000
4391.000 10709.000
175.000 9792.000
5283.000 8111.000
4795.000 5591.000
1489.000 10666.000
4924.000 11155.000
9127.000 9309.000
8759.000 13294.000
7310.000 8113.000
3652.000 9590.000
8155.000 12153.000
2389.000 12587.000
2264.000 5627.000
9120.000 7773.000
3087.000 10664.000
10388.000 10820.000
4633.000 13256.000
4508.000 12160.000
1046.000 6454.000
8982.000 10438.000
1079.000 10103.000
3130.000 5594.000
9117.000 7260.000
2421.000 11526.000
1456.000 9595.000
8619.000 11998.000
4429.000 8710.000
4917.000 3879.000
1079.000 8625.000
9116.000 11619.000
5278.000 13256.000
1057.000 10712.000
2351.000 10664.000
7486.000 12153.000
4936.000 5038.000
1070.000 5937.000
4454.000 12852.000
4709.000 9951.000
8981.000 10003.000
8316.000 13297.000
12304.000 10821.000
3147.000 9591.000
6114.000 12154.000
9764.000 10773.000
2407.000 11114.000
9119.000 13073.000
4300.000 5591.000
4927.000 11829.000
4940.000 7001.000
813.000 5600.000
461.000 10087.000
2469.000 13083.000
4270.000 9554.000
1768.000 5628.000
5013.000 10659.000
8056.000 8113.000
4921.000 9584.000
7826.000 13260.000
5630.000 12154.000
1873.000 9594.000
8249.000 12797.000
8609.000 7687.000
9122.000 8253.000
2449.000 11992.000
7006.000 12203.000
639.000 9553.000
646.000 10712.000
8619.000 11594.000
2731.000 5626.000
9119.000 12661.000
9460.000 10546.000
8985.000 11218.000
4425.000 8295.000
1908.000 10714.000
922.000 9004.000
3994.000 10663.000
4870.000 5812.000
4910.000 6194.500
11151.000 10775.000
1073.500 7857.000
4464.500 13844.000
13005.500 10769.000
4461.000 10292.000
6052.500 8067.500
6738.000 8095.500
8991.000 6647.500
4774.000 8124.000
4695.500 9231.000
8502.500 12589.000
