[INFO]
FORMAT=MAP_POINTS
NAME=
VERSION=1.0
COMMENT=Load from simple-txt file 'maps/PhysicalBuildingResize-V.txt'
COMMENT=Created from file 'maps/PhysicalBuildingResize-V.txt' by program ./tmap_convert version 0.5
COMMENT=Created from file 'src/pb-bp-d400-b100-i5-depot0/map.txt' by program ../map_tools/tmap_convert version 0.5

[MAP_POINTS]
0 2315.62 12968.8
1 2281.19 12454.9
2 2296.07 12432.1
3 2354.79 12430
4 2299.92 11700.5
5 2286.11 10815.4
6 537.37 10811.9
7 532.38 10807
8 528.702 10573.6
9 533.662 10568.5
10 824.284 10566.3
11 825.353 10187.8
12 79.8638 10189.4
13 74.8527 10184.4
14 76.2113 9466.52
15 81.1483 9461.53
16 825.639 9452.15
17 821.844 8857.25
18 826.719 8852.22
19 957.717 8848.94
20 944.444 5725.34
21 675.449 5724.82
22 670.459 5719.84
23 669.75 5506.59
24 674.739 5501.57
25 4821.28 5491.74
26 4817.45 3545.46
27 4822.44 3540.45
28 5033.59 3539.75
29 5038.61 3544.75
30 5036.92 6250.04
31 5048.39 7969.47
32 6141.64 7970.26
33 6262.75 7844.24
34 6714.78 7843.34
35 6813.96 7970.14
36 8511.75 7969.95
37 8509.2 7479.94
38 8514.1 7474.91
39 8882.05 7468.04
40 8876.89 6249.96
41 8881.97 6244.94
42 9209.05 6250.15
43 9213.97 6255.12
44 9235.08 10681.6
45 9360 10674.8
46 9360 10450.5
47 9364.98 10445.5
48 9568.99 10444.7
49 9574.01 10449.7
50 9577.21 10669.6
51 9755.36 10673.6
52 10355.2 10673.8
53 11005.1 10671.8
54 11580.1 10679
55 12785.2 10677.9
56 13414.5 10686.1
57 13419.4 10691
58 13423.7 10917.4
59 13418.7 10922.5
60 9216.79 10920
61 9221.25 13386.9
62 9216.28 13391.9
63 7706.33 13401.9
64 7701.29 13397
65 7699.32 13166.4
66 7704.3 13161.4
67 8150.76 13159.5
68 8149.16 12303.9
69 4555.35 12308.1
70 4554.82 13156.6
71 5645.01 13158.6
72 5650 13163.6
73 5650 13382.8
74 5645.02 13387.8
75 4556.36 13391.3
76 4557.34 14036.9
77 4552.19 14041.9
78 4336.7 14035.5
79 4331.84 14030.5
80 4326.44 12058
81 4332.06 12053
82 4395.31 12060.9
83 4829.02 12060.8
84 4823.45 10808.6
85 2515.96 10815
86 2505.28 11250.5
87 2579.23 12460.2
88 2695.11 12458.5
89 2700.17 12463
90 2742.49 12983.6
91 2739.87 12988.4
92 2685.15 13017.8
93 2704.82 13343.7
94 2699.85 13349
95 2420.11 13350.5
96 2410.94 13350.8
97 2405.77 13346.3
98 2386.04 13127.3
99 2324.17 13119
100 2319.83 13114
101 2321.39 12973.1
102 5051.66 12056.3
103 8519.91 12053.9
104 8520.17 11447
105 8525.03 11442
106 8886.26 11431.7
107 8878.61 8215.25
108 4808.63 8211.74
109 4812.82 9449.84
110 5145.23 9450.3
111 5150.22 9455.32
112 5149.57 9678.8
113 5144.63 9683.79
114 4809.55 9687.44
115 4810.89 10559.8
116 5156.13 10560.3
117 5161.12 10565.4
118 5157.78 10805.1
119 5152.78 10810
120 5054.99 10810
121 2575 9455.14
122 4455.73 9454.58
123 4454.57 8836.49
124 4336.05 8831.55
125 4331.26 8826.59
126 4324.38 7975.95
127 4329.37 7970.91
128 4825.9 7969.44
129 4818.04 5725.34
130 1170.74 5731.09
131 1183.28 9454.93
132 1225.46 10567.8
133 4327.36 10563.4
134 4321.79 9689.28
135 1179.5 9696.54
136 1181.5 10563.5

[MAP_BORDER]
0
1
2
3
4
5
6
7
8
9
10
11
12
13
14
15
16
17
18
19
20
21
22
23
24
25
26
27
28
29
30
31
32
33
34
35
36
37
38
39
40
41
42
43
44
45
46
47
48
49
50
51
52
53
54
55
56
57
58
59
60
61
62
63
64
65
66
67
68
69
70
71
72
73
74
75
76
77
78
79
80
81
82
83
84
85
86
87
88
89
90
91
92
93
94
95
96
97
98
99
100
101

[MAP_OBSTACLE]
102
103
104
105
106
107
108
109
110
111
112
113
114
115
116
117
118
119
120

[MAP_OBSTACLE]
121
122
123
124
125
126
127
128
129
130
131

[MAP_OBSTACLE]
132
133
134
135
136

