5773.000 -3135.000
1585.000 -5365.000
1438.000 -1487.000
1271.000 -1111.000
1365.000 -3359.000
1457.000 -2594.000
1959.000 -3776.000
1959.000 -3323.000
1959.000 -2613.000
1527.000 -3766.000
1882.000 -4208.000
2059.000 -4905.000
2058.000 -5391.000
2047.000 -4539.000
2054.000 -1755.000
2439.000 -4605.000
2469.000 -1829.000
2970.000 -5477.000
3384.000 -1478.000
3432.000 -1064.000
3455.000 -4569.000
3498.000 -1860.000
3959.000 -1202.000
4270.000 -5168.000
4804.000 -5494.000
4899.000 -1489.000
4838.000 -1064.000
4815.000 -4193.000
4876.000 -1817.000
5227.000 -4542.000
5335.000 -5383.000
5210.000 -4968.000
5230.000 -1099.000
5230.000 -1570.000
5774.000 -3233.000
6444.000 -2826.000
7101.000 -4427.000
8520.000 -1869.000
7813.000 -4483.000
7212.000 -3023.000
9050.000 -3264.000
8414.000 -4607.000
8794.000 -2449.000
8789.000 -4237.000
6445.000 -4237.000
7853.000 -2174.000
7119.000 -2180.000
7114.000 -3905.000
8274.000 -2201.000
6061.000 -3746.000
5773.000 -2604.000
6306.000 -3261.000
6447.000 -2310.000
8370.000 -1322.000
9250.000 -4569.000
6461.000 -3651.000
8010.000 -1037.000
6748.000 -3119.000
8465.000 -2604.000
7596.000 -4221.000
8066.000 -1667.000
8789.000 -3663.000
7519.000 -3566.000
7168.000 -3463.000
8928.000 -1831.000
7039.000 -1789.000
6045.000 -2912.000
5753.000 -4841.000
6269.000 -5122.000
6691.000 -4572.000
6552.000 -1866.000
7083.000 -1174.000
7093.000 -5350.000
8362.000 -852.000
8744.000 -5358.000
8766.000 -1167.000
9244.000 -5497.000
9309.000 -1140.000
9228.000 -1536.000
1534.000 -2789.000
7969.000 -3063.000
8142.000 -2586.000
7756.000 -3652.000
7578.000 -3173.000
5521.000 -2291.000
5316.000 -1958.000
5064.000 -2202.000
3725.000 -1522.000
4670.000 -2253.000
4275.000 -2296.000
3086.000 -2206.000
2492.000 -2112.000
3777.000 -2093.000
1940.000 -2094.000
3814.000 -1683.000
1551.000 -2187.000
1415.000 -2165.000
1657.000 -4672.000
1499.000 -4465.000
1683.000 -4412.000
1270.000 -4633.000
1192.000 -4518.000
1654.000 -1750.000
1668.000 -1939.000
1785.000 -1841.000
1301.000 -1737.000
1137.000 -1922.000
1469.000 -1166.000
1763.000 -3851.000
2275.000 -4226.000
2769.000 -4205.000
3222.000 -4184.000
2480.000 -5278.000
3069.000 -4651.000
2915.000 -4458.000
3155.000 -4493.000
3283.000 -1790.000
3041.000 -1812.000
3189.000 -1903.000
2846.000 -1704.000
2700.000 -1930.000
3139.000 -1870.000
3380.000 -5296.000
3380.000 -5056.000
4268.000 -4980.000
4413.000 -4533.000
4545.000 -4478.000
4255.000 -4626.000
4100.000 -4503.000
4611.000 -1882.000
4332.000 -5305.000
4085.000 -4163.000
5006.000 -4176.000
6159.000 -1733.000
5708.000 -1993.000
5944.000 -1947.000
5820.000 -4449.000
5946.000 -4493.000
6098.000 -5055.000
6209.000 -5276.000
6630.000 -5084.000
6627.000 -3996.000
6681.000 -2596.000
6625.000 -3723.000
6787.000 -2305.000
6746.000 -5124.000
7215.000 -4999.000
7291.000 -1441.000
7233.000 -4521.000
7453.000 -2085.000
8771.000 -5073.000
8670.000 -4990.000
8754.000 -1464.000
8795.000 -4400.000
8899.000 -5025.000
8903.000 -1425.000
9206.000 -3539.000
9160.000 -2906.000
9336.000 -4405.000
9396.000 -4012.000
9249.000 -3094.000
9369.000 -2861.000
9401.000 -3770.000
9365.000 -1907.000
9387.000 -2120.000
9310.000 -2182.000
9217.000 -2324.000
1317.500 -4876.000
2007.500 -1288.500
2415.750 -5098.250
2471.000 -1302.000
2962.750 -5074.250
2921.250 -1295.500
3342.000 -5158.500
3809.250 -5261.000
3811.500 -4793.000
3901.500 -4257.500
4410.500 -1312.750
4860.750 -5091.750
4747.000 -4600.500
7371.000 -2681.000
7509.500 -1709.000
8685.500 -3080.500
8397.000 -3608.000
5743.000 -4041.250
8127.500 -4167.500
7570.250 -1129.750
5920.500 -2233.500
5790.000 -5269.000
5791.000 -1300.000
6150.000 -1331.250
6712.500 -5249.000
6618.500 -1331.875
9284.250 -5093.750
1246.500 -5125.000
1472.500 -4136.500
2811.500 -4559.500
4431.000 -1862.000
4214.000 -1807.500
5588.500 -4545.000
5789.000 -1709.000
5590.000 -1859.500
6183.500 -4727.000
7033.500 -5049.500
7048.500 -1417.500
8724.000 -1382.000
9263.000 -4164.000
