2131.000 4488.000
2174.000 3815.000
2955.000 4579.000
3134.000 4263.000
2575.000 3817.000
2822.000 3820.000
3154.000 4548.000
2743.000 4577.000
2373.000 3806.000
2648.000 831.000
2518.000 3216.000
4119.000 3021.000
4463.000 3591.000
3263.000 1089.000
4792.000 3592.000
5741.000 3322.000
2654.000 1159.000
2317.000 3220.000
3792.000 3587.000
3320.000 2968.000
5379.000 3594.000
2935.000 1799.000
4074.000 3587.000
5174.000 3076.000
2860.000 2636.000
4724.000 3060.000
5519.000 3253.000
3152.000 1404.000
3074.000 3039.000
2997.000 1573.000
2831.000 3218.000
3479.000 3148.000
5116.000 3594.000
4972.000 3052.000
3327.000 881.000
2875.000 2912.000
5735.000 3117.000
5310.000 3226.000
2901.000 2182.000
2391.000 3601.000
4340.000 4100.000
4342.000 4324.000
3364.000 4030.000
4090.000 4587.000
3364.000 4234.000
4066.000 3821.000
4344.000 4541.000
4338.000 3879.000
3387.000 665.000
4080.000 669.000
4314.000 556.000
3720.000 645.000
3790.000 421.000
5060.000 4422.000
5060.000 4212.000
4570.000 4297.000
4833.000 4592.000
5060.000 3888.000
4571.000 4536.000
5875.000 3936.000
5751.000 4285.000
5594.000 4078.000
5601.000 4800.000
2697.000 4271.000
2503.000 4123.000
2273.000 4254.000
2358.000 4059.000
2531.000 4382.000
2573.000 2869.000
2608.000 2947.000
3026.000 1002.000
2922.000 1128.000
2894.000 1062.000
3927.000 4249.000
4038.000 4321.000
4183.000 4055.000
3565.000 3934.000
3987.000 4019.000
5122.000 3449.000
3967.000 3261.000
4724.000 3226.000
4117.000 3216.000
4984.000 3418.000
4679.000 3342.000
4308.000 3134.000
3922.000 3046.000
4703.000 4029.000
4800.000 4454.000
4757.000 4094.000
5660.000 3424.000
2304.000 3303.000
2350.000 2792.000
2717.000 1027.000
3608.000 3579.000
3412.000 3621.000
3108.000 3624.000
2896.000 3584.000
2670.000 3592.000
2770.000 1628.000
4394.000 3625.000
4334.000 640.000
5087.000 4504.000
5522.000 4850.000
3122.500 3905.500
2435.500 4580.500
2121.000 4156.000
2786.500 2346.000
2808.000 1443.500
2804.500 2010.000
3704.500 2989.000
2322.000 2847.750
3004.500 833.000
4488.000 3045.000
5706.000 3664.500
2695.000 2729.500
3620.000 3310.500
3453.000 4586.000
3734.000 4574.000
3833.250 3827.500
3455.000 3818.500
4010.000 441.500
3571.000 400.500
4751.500 3818.500
4566.000 3924.000
5588.000 4470.000
5642.500 3837.500
5912.000 4174.000
2825.000 4311.500
2874.500 3968.500
3715.500 4218.500
3484.500 4446.000
4358.500 3368.000
