[INFO]
FORMAT=MAP_POINTS
NAME=cities/results-BP2-pre2-opt.missing/ta-d200-b100/19/map-vis.txt
VERSION=1.0
COMMENT=Load from simple-txt file 'maps/TestAreaGrow.txt'
COMMENT=Created from file 'maps/TestAreaGrow.txt' by program ./tmap_convert version 0.5
COMMENT=visibility graphs created by tvisibility.cc

[MAP_POINTS]
0 4382.79 393.26
1 4468.81 795.95
2 3514.12 731.95
3 3465.62 843.07
4 3409.37 821.09
5 3406.36 825.53
6 3463.6 849.03
7 3167.12 1665.93
8 3049.87 1655.15
9 2943.54 2844.14
10 4911.74 2973.78
11 4924.08 2910.55
12 5283 2967.43
13 5272.62 3121.84
14 5581.08 3161.87
15 5598.04 3000
16 5840.18 3030.84
17 5844.97 3750.62
18 5740.1 3751.54
19 5741.06 3756.83
20 5844.97 3756.83
21 5849.43 3836.83
22 6011.37 3835.28
23 6012.91 4369.52
24 5861.45 4368.95
25 5858.37 4384.37
26 5701.37 4386.49
27 5701.37 4933.99
28 5538.83 4980.25
29 5349.12 4980.25
30 5497.18 4710.35
31 5494.08 3756.06
32 5594.35 3755.81
33 5494.1 3751.37
34 5491.52 3694.66
35 5100 3694.66
36 5100 3723.94
37 5160 3723.94
38 5160 4692.37
39 4473.04 4692.37
40 4466.47 3723.94
41 4950 3723.94
42 4950 3694.65
43 4365.6 3691.62
44 4367.14 3726.62
45 4438.1 3728.13
46 4446 4689.68
47 3264.37 4683.95
48 3264.37 4600
49 3236 4600
50 3236 4682.58
51 2032.68 4673.95
52 2028.43 3717.18
53 2353.07 3715.64
54 2355.02 3685.9
55 2219.31 3685.9
56 2217.79 2640.04
57 2635.65 2681.62
58 2737.83 1477.79
59 2617.54 1463.91
60 2471.02 766.5
61 2747.09 709.44
62 3239.37 764.96
63 3246.69 753.44
64 3312.11 785.44
65 3315.62 780.59
66 3250.12 747.96
67 3428.12 279.14
68 3236 4450
69 3264.37 4450
70 3264.37 3721.85
71 3926.79 3721
72 4226.79 3723.56
73 4228.47 3688.64
74 3300 3687
75 2483.34 3685.07
76 2482.27 3716.29
77 2834.83 3721.85
78 3234.83 3721.85
79 2866.38 3526.84
80 3526.9 3530.87
81 3535.62 3506.52
82 3525.87 3405.66
83 3498.37 3327.56
84 3412.88 3221.07
85 3323.58 3163.54
86 3238.31 3136.15
87 3122.12 3133.27
88 3061.53 3142.26
89 2990.12 3176.29
90 3010 3217.34
91 3010 3232.52
92 2965.14 3263.35
93 2918.07 3319.87
94 2385.3 3315.76
95 2350.87 3326.38
96 2343.57 3348.35
97 2348.86 3470.41
98 2370.87 3482.62
99 2430 3482.62
100 2858.62 3496.34

[MAP_BORDER]
0
1
2
3
4
5
6
7
8
9
10
11
12
13
14
15
16
17
18
19
20
21
22
23
24
25
26
27
28
29
30
31
32
33
34
35
36
37
38
39
40
41
42
43
44
45
46
47
48
49
50
51
52
53
54
55
56
57
58
59
60
61
62
63
64
65
66
67

[MAP_OBSTACLE]
68
69
70
71
72
73
74
75
76
77
78

[MAP_OBSTACLE]
79
80
81
82
83
84
85
86
87
88
89
90
91
92
93
94
95
96
97
98
99
100

[CITY_POINTS]
0 2131 4488
1 2174 3815
2 2955 4579
3 3134 4263
4 2575 3817
5 2822 3820
6 3154 4548
7 2743 4577
8 2373 3806
9 2648 831
10 2518 3216
11 4119 3021
12 4463 3591
13 3263 1089
14 4792 3592
15 5741 3322
16 2654 1159
17 2317 3220
18 3792 3587
19 3320 2968
20 5379 3594
21 2935 1799
22 4074 3587
23 5174 3076
24 2860 2636
25 4724 3060
26 5519 3253
27 3152 1404
28 3074 3039
29 2997 1573
30 2831 3218
31 3479 3148
32 5116 3594
33 4972 3052
34 3327 881
35 2875 2912
36 5735 3117
37 5310 3226
38 2901 2182
39 2391 3601
40 4340 4100
41 4342 4324
42 3364 4030
43 4090 4587
44 3364 4234
45 4066 3821
46 4344 4541
47 4338 3879
48 3387 665
49 4080 669
50 4314 556
51 3720 645
52 3790 421
53 5060 4422
54 5060 4212
55 4570 4297
56 4833 4592
57 5060 3888
58 4571 4536
59 5875 3936
60 5751 4285
61 5594 4078
62 5601 4800
63 2697 4271
64 2503 4123
65 2273 4254
66 2358 4059
67 2531 4382
68 2573 2869
69 2608 2947
70 3026 1002
71 2922 1128
72 2894 1062
73 3927 4249
74 4038 4321
75 4183 4055
76 3565 3934
77 3987 4019
78 5122 3449
79 3967 3261
80 4724 3226
81 4117 3216
82 4984 3418
83 4679 3342
84 4308 3134
85 3922 3046
86 4703 4029
87 4800 4454
88 4757 4094
89 5660 3424
90 2304 3303
91 2350 2792
92 2717 1027
93 3608 3579
94 3412 3621
95 3108 3624
96 2896 3584
97 2670 3592
98 2770 1628
99 4394 3625
100 4334 640
101 5087 4504
102 5522 4850
103 3122.5 3905.5
104 2435.5 4580.5
105 2121 4156
106 2786.5 2346
107 2808 1443.5
108 2804.5 2010
109 3704.5 2989
110 2322 2847.75
111 3004.5 833
112 4488 3045
113 5706 3664.5
114 2695 2729.5
115 3620 3310.5
116 3453 4586
117 3734 4574
118 3833.25 3827.5
119 3455 3818.5
120 4010 441.5
121 3571 400.5
122 4751.5 3818.5
123 4566 3924
124 5588 4470
125 5642.5 3837.5
126 5912 4174
127 2825 4311.5
128 2874.5 3968.5
129 3715.5 4218.5
130 3484.5 4446
131 4358.5 3368

[MAP_VISIBILITY_GRAPH]
MAP_VERTEX 0
67
1
2
64
65
66

[MAP_VISIBILITY_GRAPH]
MAP_VERTEX 1
2
67
0

[MAP_VISIBILITY_GRAPH]
MAP_VERTEX 2
67
0
1
3
4
59
64
65
66

[MAP_VISIBILITY_GRAPH]
MAP_VERTEX 3
4
65
66
67
2

[MAP_VISIBILITY_GRAPH]
MAP_VERTEX 4
60
61
62
64
65
66
67
2
3
5
58
59

[MAP_VISIBILITY_GRAPH]
MAP_VERTEX 5
60
61
62
64
65
66
67
4
6
7
8
58
59

[MAP_VISIBILITY_GRAPH]
MAP_VERTEX 6
60
61
62
5
7
8
58
59

[MAP_VISIBILITY_GRAPH]
MAP_VERTEX 7
8
58
60
61
62
63
64
65
67
5
6

[MAP_VISIBILITY_GRAPH]
MAP_VERTEX 8
58
60
61
62
63
64
65
5
6
7
9
94
57

[MAP_VISIBILITY_GRAPH]
MAP_VERTEX 9
56
57
58
61
8
10
13
14
17
18
19
34
35
36
42
43
44
73
84
85
86
87
88
89
92
93
94
95

[MAP_VISIBILITY_GRAPH]
MAP_VERTEX 10
9
11
12
13
17
18
19
32
34
35
36
38
42
43
72
73
74
80
81
82
83
84
85
86
87

[MAP_VISIBILITY_GRAPH]
MAP_VERTEX 11
12
13
17
18
19
32
34
35
36
38
42
10

[MAP_VISIBILITY_GRAPH]
MAP_VERTEX 12
11
13
35
41
42
43
69
72
73
74
80
81
82
83
84
85
86
87
10

[MAP_VISIBILITY_GRAPH]
MAP_VERTEX 13
9
10
11
12
14
17
18
19
23
32
34
35
39
41
42
43
72
73
74
80
81
82
83
84
85
86
87

[MAP_VISIBILITY_GRAPH]
MAP_VERTEX 14
86
87
9
13
15
16
17
18
19
24
25
26
27
32
33
34
35
41
42
43
72
73
74
80
81
82
83
84
85

[MAP_VISIBILITY_GRAPH]
MAP_VERTEX 15
16
17
18
19
25
26
27
32
14

[MAP_VISIBILITY_GRAPH]
MAP_VERTEX 16
15
17
18
28
30
32
33
34
35
41
42
14

[MAP_VISIBILITY_GRAPH]
MAP_VERTEX 17
34
83
84
85
86
56
9
10
11
13
14
15
16
18
33

[MAP_VISIBILITY_GRAPH]
MAP_VERTEX 18
33
34
85
86
56
9
10
11
13
14
15
16
17
19
26
28
30
32

[MAP_VISIBILITY_GRAPH]
MAP_VERTEX 19
31
32
33
34
56
9
10
11
13
14
15
18
20
21
23
24
25
26
28
30

[MAP_VISIBILITY_GRAPH]
MAP_VERTEX 20
21
24
25
26
28
30
19

[MAP_VISIBILITY_GRAPH]
MAP_VERTEX 21
31
32
34
19
20
22
23
24
25
26
28
30

[MAP_VISIBILITY_GRAPH]
MAP_VERTEX 22
23
24
26
29
30
21

[MAP_VISIBILITY_GRAPH]
MAP_VERTEX 23
24
31
32
13
19
21
22

[MAP_VISIBILITY_GRAPH]
MAP_VERTEX 24
31
32
14
19
20
21
22
23
25
26

[MAP_VISIBILITY_GRAPH]
MAP_VERTEX 25
31
32
14
15
19
20
21
24
26

[MAP_VISIBILITY_GRAPH]
MAP_VERTEX 26
31
32
14
15
18
19
20
21
22
24
25
27
28
29
30

[MAP_VISIBILITY_GRAPH]
MAP_VERTEX 27
30
31
32
14
15
26
28
29

[MAP_VISIBILITY_GRAPH]
MAP_VERTEX 28
30
31
32
16
18
19
20
21
26
27
29

[MAP_VISIBILITY_GRAPH]
MAP_VERTEX 29
30
22
26
27
28

[MAP_VISIBILITY_GRAPH]
MAP_VERTEX 30
31
32
16
18
19
20
21
22
26
27
28
29

[MAP_VISIBILITY_GRAPH]
MAP_VERTEX 31
32
19
21
23
24
25
26
27
28
30

[MAP_VISIBILITY_GRAPH]
MAP_VERTEX 32
33
34
10
11
13
14
15
16
18
19
21
23
24
25
26
27
28
30
31

[MAP_VISIBILITY_GRAPH]
MAP_VERTEX 33
34
14
16
17
18
19
32

[MAP_VISIBILITY_GRAPH]
MAP_VERTEX 34
42
43
73
79
80
81
82
83
84
85
86
56
9
10
11
13
14
16
17
18
19
21
32
33
35

[MAP_VISIBILITY_GRAPH]
MAP_VERTEX 35
42
43
73
79
80
81
82
83
84
85
86
56
9
10
11
12
13
14
16
34
36
39
41

[MAP_VISIBILITY_GRAPH]
MAP_VERTEX 36
42
82
83
84
85
86
56
9
10
11
35
37
38
39
41

[MAP_VISIBILITY_GRAPH]
MAP_VERTEX 37
38
39
36

[MAP_VISIBILITY_GRAPH]
MAP_VERTEX 38
40
41
42
10
11
36
37
39

[MAP_VISIBILITY_GRAPH]
MAP_VERTEX 39
40
41
13
35
36
37
38

[MAP_VISIBILITY_GRAPH]
MAP_VERTEX 40
41
38
39

[MAP_VISIBILITY_GRAPH]
MAP_VERTEX 41
42
12
13
14
16
35
36
38
39
40

[MAP_VISIBILITY_GRAPH]
MAP_VERTEX 42
43
73
79
80
81
82
83
84
85
56
9
10
11
12
13
14
16
34
35
36
38
41

[MAP_VISIBILITY_GRAPH]
MAP_VERTEX 43
73
98
99
79
80
81
82
83
84
85
57
9
10
12
13
14
34
35
42
44
47
48
49
69
72

[MAP_VISIBILITY_GRAPH]
MAP_VERTEX 44
70
71
72
73
82
83
84
85
57
9
43
45
46
47
48
49
69

[MAP_VISIBILITY_GRAPH]
MAP_VERTEX 45
70
71
44
46
47
48
49
69

[MAP_VISIBILITY_GRAPH]
MAP_VERTEX 46
47
48
68
69
70
71
72
73
44
45

[MAP_VISIBILITY_GRAPH]
MAP_VERTEX 47
48
71
72
43
44
45
46

[MAP_VISIBILITY_GRAPH]
MAP_VERTEX 48
52
53
54
76
77
68
69
71
72
43
44
45
46
47
49

[MAP_VISIBILITY_GRAPH]
MAP_VERTEX 49
52
53
54
76
77
78
68
69
71
72
43
44
45
48
50
51

[MAP_VISIBILITY_GRAPH]
MAP_VERTEX 50
51
52
53
54
76
77
78
49

[MAP_VISIBILITY_GRAPH]
MAP_VERTEX 51
52
53
75
76
77
78
68
69
49
50

[MAP_VISIBILITY_GRAPH]
MAP_VERTEX 52
53
76
77
68
48
49
50
51

[MAP_VISIBILITY_GRAPH]
MAP_VERTEX 53
54
98
99
100
79
75
76
77
68
48
49
50
51
52

[MAP_VISIBILITY_GRAPH]
MAP_VERTEX 54
56
96
97
98
99
100
79
80
75
76
68
48
49
50
53
55

[MAP_VISIBILITY_GRAPH]
MAP_VERTEX 55
56
95
96
97
98
99
100
79
80
75
54

[MAP_VISIBILITY_GRAPH]
MAP_VERTEX 56
57
9
17
18
19
34
35
36
42
85
86
87
88
89
90
91
92
93
94
95
96
97
54
55

[MAP_VISIBILITY_GRAPH]
MAP_VERTEX 57
56
58
62
63
64
65
8
9
43
44
73
84
85
86
87
88
89
90
91
92
93
94
95

[MAP_VISIBILITY_GRAPH]
MAP_VERTEX 58
59
60
61
62
64
4
5
6
7
8
9
89
92
93
57

[MAP_VISIBILITY_GRAPH]
MAP_VERTEX 59
60
61
62
64
2
4
5
6
58

[MAP_VISIBILITY_GRAPH]
MAP_VERTEX 60
61
62
64
4
5
6
7
8
58
59

[MAP_VISIBILITY_GRAPH]
MAP_VERTEX 61
62
64
4
5
6
7
8
9
92
93
58
59
60

[MAP_VISIBILITY_GRAPH]
MAP_VERTEX 62
61
63
64
4
5
6
7
8
57
58
59
60

[MAP_VISIBILITY_GRAPH]
MAP_VERTEX 63
64
7
8
57
62

[MAP_VISIBILITY_GRAPH]
MAP_VERTEX 64
60
61
62
63
65
0
2
4
5
7
8
57
58
59

[MAP_VISIBILITY_GRAPH]
MAP_VERTEX 65
66
67
0
2
3
4
5
7
8
57
64

[MAP_VISIBILITY_GRAPH]
MAP_VERTEX 66
67
0
2
3
4
5
65

[MAP_VISIBILITY_GRAPH]
MAP_VERTEX 67
0
1
2
3
4
5
7
65
66

[MAP_VISIBILITY_GRAPH]
MAP_VERTEX 68
52
53
54
76
77
78
69
46
48
49
51

[MAP_VISIBILITY_GRAPH]
MAP_VERTEX 69
70
71
72
12
43
44
45
46
48
49
51
68

[MAP_VISIBILITY_GRAPH]
MAP_VERTEX 70
71
72
44
45
46
69

[MAP_VISIBILITY_GRAPH]
MAP_VERTEX 71
72
44
45
46
47
48
49
69
70

[MAP_VISIBILITY_GRAPH]
MAP_VERTEX 72
70
71
73
10
12
13
14
43
44
46
47
48
49
69

[MAP_VISIBILITY_GRAPH]
MAP_VERTEX 73
74
75
98
99
79
80
81
82
83
84
85
57
9
10
12
13
14
34
35
42
43
44
46
72

[MAP_VISIBILITY_GRAPH]
MAP_VERTEX 74
75
98
99
79
80
10
12
13
14
73

[MAP_VISIBILITY_GRAPH]
MAP_VERTEX 75
97
98
99
100
79
80
73
74
76
51
53
54
55

[MAP_VISIBILITY_GRAPH]
MAP_VERTEX 76
53
54
97
98
99
75
77
68
48
49
50
51
52

[MAP_VISIBILITY_GRAPH]
MAP_VERTEX 77
52
53
76
78
68
48
49
50
51

[MAP_VISIBILITY_GRAPH]
MAP_VERTEX 78
68
49
50
51
77

[MAP_VISIBILITY_GRAPH]
MAP_VERTEX 79
98
99
100
80
34
35
42
43
73
74
75
53
54
55

[MAP_VISIBILITY_GRAPH]
MAP_VERTEX 80
79
81
10
12
13
14
34
35
42
43
73
74
75
54
55

[MAP_VISIBILITY_GRAPH]
MAP_VERTEX 81
82
10
12
13
14
34
35
42
43
73
80

[MAP_VISIBILITY_GRAPH]
MAP_VERTEX 82
83
10
12
13
14
34
35
36
42
43
44
73
81

[MAP_VISIBILITY_GRAPH]
MAP_VERTEX 83
84
10
12
13
14
17
34
35
36
42
43
44
73
82

[MAP_VISIBILITY_GRAPH]
MAP_VERTEX 84
85
57
9
10
12
13
14
17
34
35
36
42
43
44
73
83

[MAP_VISIBILITY_GRAPH]
MAP_VERTEX 85
86
56
57
9
10
12
13
14
17
18
34
35
36
42
43
44
73
84

[MAP_VISIBILITY_GRAPH]
MAP_VERTEX 86
87
56
57
9
10
12
13
14
17
18
34
35
36
85

[MAP_VISIBILITY_GRAPH]
MAP_VERTEX 87
56
57
9
10
12
13
14
86
88

[MAP_VISIBILITY_GRAPH]
MAP_VERTEX 88
56
57
9
87
89
94

[MAP_VISIBILITY_GRAPH]
MAP_VERTEX 89
56
57
58
9
88
90
91
92
93
94

[MAP_VISIBILITY_GRAPH]
MAP_VERTEX 90
56
57
89
91
92
94

[MAP_VISIBILITY_GRAPH]
MAP_VERTEX 91
56
57
89
90
92
94

[MAP_VISIBILITY_GRAPH]
MAP_VERTEX 92
56
57
58
61
9
89
90
91
93
94

[MAP_VISIBILITY_GRAPH]
MAP_VERTEX 93
94
56
57
58
61
9
89
92

[MAP_VISIBILITY_GRAPH]
MAP_VERTEX 94
56
57
8
9
88
89
90
91
92
93
95

[MAP_VISIBILITY_GRAPH]
MAP_VERTEX 95
56
57
9
94
96
55

[MAP_VISIBILITY_GRAPH]
MAP_VERTEX 96
56
95
97
54
55

[MAP_VISIBILITY_GRAPH]
MAP_VERTEX 97
56
96
98
75
76
54
55

[MAP_VISIBILITY_GRAPH]
MAP_VERTEX 98
97
99
100
79
43
73
74
75
76
53
54
55

[MAP_VISIBILITY_GRAPH]
MAP_VERTEX 99
100
79
43
73
74
75
76
53
54
55
98

[MAP_VISIBILITY_GRAPH]
MAP_VERTEX 100
98
99
79
75
53
54
55

[MAP_VISIBILITY_GRAPH]
CITY_VERTEX 0
52
53
99
75
76
77
78
68
69
46
48
49
50
51

[MAP_VISIBILITY_GRAPH]
CITY_VERTEX 1
52
53
100
75
76
77
78
68
48
49
50
51

[MAP_VISIBILITY_GRAPH]
CITY_VERTEX 2
52
53
54
76
77
78
68
69
48
49
50
51

[MAP_VISIBILITY_GRAPH]
CITY_VERTEX 3
52
53
54
76
77
78
68
48
49
50
51

[MAP_VISIBILITY_GRAPH]
CITY_VERTEX 4
52
53
54
76
77
78
68
48
49
50
51

[MAP_VISIBILITY_GRAPH]
CITY_VERTEX 5
52
53
54
76
77
78
68
48
49
50
51

[MAP_VISIBILITY_GRAPH]
CITY_VERTEX 6
52
53
54
76
77
78
68
69
72
12
43
44
45
46
48
49
50
51

[MAP_VISIBILITY_GRAPH]
CITY_VERTEX 7
52
53
54
97
98
76
77
78
68
69
48
49
50
51

[MAP_VISIBILITY_GRAPH]
CITY_VERTEX 8
52
53
54
56
97
98
99
75
76
77
78
68
48
49
50
51

[MAP_VISIBILITY_GRAPH]
CITY_VERTEX 9
60
61
62
64
4
5
6
7
8
9
89
58
59

[MAP_VISIBILITY_GRAPH]
CITY_VERTEX 10
56
57
62
63
64
65
8
9
87
88
89
90
91
92
93
94
95

[MAP_VISIBILITY_GRAPH]
CITY_VERTEX 11
9
10
12
13
14
17
18
19
21
34
35
36
42
43
44
46
73
80
81
82
83
84
85
86
87

[MAP_VISIBILITY_GRAPH]
CITY_VERTEX 12
79
80
81
82
83
84
85
56
9
10
12
13
14
34
35
36
42
43
47
48
49
69
72
73
74
75
54
55

[MAP_VISIBILITY_GRAPH]
CITY_VERTEX 13
60
61
62
63
64
65
67
5
6
7
8
57
58
59

[MAP_VISIBILITY_GRAPH]
CITY_VERTEX 14
79
80
81
82
83
84
85
86
56
9
10
11
12
13
14
16
34
35
36
42
43
72
73
74
75
54
55

[MAP_VISIBILITY_GRAPH]
CITY_VERTEX 15
84
85
86
9
10
13
14
15
16
17
18
26
28
30
32
33
34
35
41
42
43
72
73
74
75
54
55
80
81
82
83

[MAP_VISIBILITY_GRAPH]
CITY_VERTEX 16
60
61
62
64
2
4
5
6
7
8
58
59

[MAP_VISIBILITY_GRAPH]
CITY_VERTEX 17
56
57
9
87
88
89
90
91
92
93
94
95
96
97
54
55

[MAP_VISIBILITY_GRAPH]
CITY_VERTEX 18
79
80
81
82
83
84
10
12
13
14
34
35
42
43
73
74
75
54
55

[MAP_VISIBILITY_GRAPH]
CITY_VERTEX 19
56
9
10
13
14
17
18
19
34
35
36
42
43
44
73
83
84
85
86
87
88
89
94
95

[MAP_VISIBILITY_GRAPH]
CITY_VERTEX 20
79
80
81
82
83
84
85
86
56
9
10
11
13
14
16
17
18
19
21
32
34
35
41
42
43
73
74
75
54
55

[MAP_VISIBILITY_GRAPH]
CITY_VERTEX 21
58
60
61
62
63
64
65
5
6
8
9
93
57

[MAP_VISIBILITY_GRAPH]
CITY_VERTEX 22
79
80
81
82
83
84
85
57
9
10
12
13
14
34
35
42
43
44
73
74
75
54
55

[MAP_VISIBILITY_GRAPH]
CITY_VERTEX 23
9
10
11
12
13
17
18
19
23
32
34
35
41
42
43
69
72
73
74
80
81
82
83
84
85
86
87

[MAP_VISIBILITY_GRAPH]
CITY_VERTEX 24
58
61
8
9
88
89
92
93
94
95
57

[MAP_VISIBILITY_GRAPH]
CITY_VERTEX 25
9
10
12
13
14
17
18
19
21
32
34
35
36
42
43
72
73
74
80
81
82
83
84
85
86
87

[MAP_VISIBILITY_GRAPH]
CITY_VERTEX 26
84
85
86
9
10
13
14
16
17
18
19
24
25
26
32
33
34
35
41
42
43
72
73
74
75
80
81
82
83

[MAP_VISIBILITY_GRAPH]
CITY_VERTEX 27
60
61
62
63
64
65
5
6
7
8
58
59

[MAP_VISIBILITY_GRAPH]
CITY_VERTEX 28
56
57
9
10
12
13
14
17
18
19
34
35
36
42
85
86
87
88
89
94
95

[MAP_VISIBILITY_GRAPH]
CITY_VERTEX 29
58
60
61
62
63
64
65
5
6
7
8
9
93
57

[MAP_VISIBILITY_GRAPH]
CITY_VERTEX 30
56
57
58
61
8
9
88
89
90
91
92
93
94

[MAP_VISIBILITY_GRAPH]
CITY_VERTEX 31
86
56
57
9
10
12
13
14
17
18
19
34
35
36
42
43
44
73
82
83
84
85

[MAP_VISIBILITY_GRAPH]
CITY_VERTEX 32
79
80
81
82
83
84
85
86
56
9
10
11
12
13
14
16
17
18
19
34
35
39
41
42
43
73
74
75
54
55

[MAP_VISIBILITY_GRAPH]
CITY_VERTEX 33
9
10
11
12
13
17
18
19
32
34
35
36
38
41
42
43
47
48
72
73
74
80
81
82
83
84
85
86
87

[MAP_VISIBILITY_GRAPH]
CITY_VERTEX 34
60
61
62
63
64
65
67
2
4
5
6
7
8
57
58
59

[MAP_VISIBILITY_GRAPH]
CITY_VERTEX 35
56
57
58
61
8
9
10
13
14
17
18
19
34
35
36
42
43
44
85
86
87
88
89
91
92
93
94
95

[MAP_VISIBILITY_GRAPH]
CITY_VERTEX 36
15
16
17
18
26
28
30
32
33
34
35
41
42
43
72
73
14

[MAP_VISIBILITY_GRAPH]
CITY_VERTEX 37
84
85
86
9
10
11
13
14
17
18
19
23
32
34
35
39
41
42
43
72
73
74
80
81
82
83

[MAP_VISIBILITY_GRAPH]
CITY_VERTEX 38
58
61
62
63
8
9
92
93
94
95
57

[MAP_VISIBILITY_GRAPH]
CITY_VERTEX 39
97
98
99
100
79
80
34
35
42
43
73
74
75
76
50
53
54
55

[MAP_VISIBILITY_GRAPH]
CITY_VERTEX 40
70
71
72
73
43
44
45
46
47
48
49
69

[MAP_VISIBILITY_GRAPH]
CITY_VERTEX 41
70
71
72
73
43
44
45
46
47
48
49
51
69

[MAP_VISIBILITY_GRAPH]
CITY_VERTEX 42
70
71
72
43
44
45
46
47
48
49
69

[MAP_VISIBILITY_GRAPH]
CITY_VERTEX 43
68
69
70
71
72
43
44
45
46
47
48
49

[MAP_VISIBILITY_GRAPH]
CITY_VERTEX 44
70
71
72
13
43
44
45
46
47
48
49
69

[MAP_VISIBILITY_GRAPH]
CITY_VERTEX 45
70
71
72
13
14
43
44
45
46
47
48
49
69

[MAP_VISIBILITY_GRAPH]
CITY_VERTEX 46
68
69
70
71
72
73
43
44
45
46
47
48
49

[MAP_VISIBILITY_GRAPH]
CITY_VERTEX 47
70
71
72
73
43
44
45
46
47
48
49
69

[MAP_VISIBILITY_GRAPH]
CITY_VERTEX 48
67
0
1
2
3
4
5
7
8
57
65
66

[MAP_VISIBILITY_GRAPH]
CITY_VERTEX 49
67
0
1
2
66

[MAP_VISIBILITY_GRAPH]
CITY_VERTEX 50
67
0
1
2
66

[MAP_VISIBILITY_GRAPH]
CITY_VERTEX 51
67
0
1
2
64
65
66

[MAP_VISIBILITY_GRAPH]
CITY_VERTEX 52
67
0
1
2
4
58
59
64
65
66

[MAP_VISIBILITY_GRAPH]
CITY_VERTEX 53
40
41
42
10
11
35
36
37
38
39

[MAP_VISIBILITY_GRAPH]
CITY_VERTEX 54
40
41
42
10
11
35
36
37
38
39

[MAP_VISIBILITY_GRAPH]
CITY_VERTEX 55
40
41
35
36
37
38
39

[MAP_VISIBILITY_GRAPH]
CITY_VERTEX 56
40
41
12
35
36
37
38
39

[MAP_VISIBILITY_GRAPH]
CITY_VERTEX 57
40
41
42
10
11
35
36
37
38
39

[MAP_VISIBILITY_GRAPH]
CITY_VERTEX 58
40
41
13
35
36
37
38
39

[MAP_VISIBILITY_GRAPH]
CITY_VERTEX 59
31
32
10
11
19
21
22
23
24
25
26
30

[MAP_VISIBILITY_GRAPH]
CITY_VERTEX 60
31
32
14
15
18
19
20
21
22
23
24
25
26
29
30

[MAP_VISIBILITY_GRAPH]
CITY_VERTEX 61
31
32
15
16
18
19
20
21
22
23
24
25
26
27
28
30

[MAP_VISIBILITY_GRAPH]
CITY_VERTEX 62
30
31
32
15
18
19
20
26
27
28
29

[MAP_VISIBILITY_GRAPH]
CITY_VERTEX 63
52
53
54
97
98
76
77
78
68
48
49
50
51

[MAP_VISIBILITY_GRAPH]
CITY_VERTEX 64
52
53
54
97
98
99
76
77
78
68
48
49
50
51

[MAP_VISIBILITY_GRAPH]
CITY_VERTEX 65
52
53
99
75
76
77
78
68
48
49
50
51

[MAP_VISIBILITY_GRAPH]
CITY_VERTEX 66
52
53
54
98
99
75
76
77
78
68
48
49
50
51

[MAP_VISIBILITY_GRAPH]
CITY_VERTEX 67
52
53
54
97
98
99
76
77
78
68
46
48
49
50
51

[MAP_VISIBILITY_GRAPH]
CITY_VERTEX 68
56
57
64
65
8
9
10
13
14
17
18
19
34
35
36
42
85
86
87
88
89
90
91
92
93
94
95

[MAP_VISIBILITY_GRAPH]
CITY_VERTEX 69
56
57
62
63
64
65
8
9
10
13
14
17
18
19
34
35
86
87
88
89
90
91
92
93
94
95

[MAP_VISIBILITY_GRAPH]
CITY_VERTEX 70
60
61
62
64
2
4
5
6
7
8
9
93
57
58
59

[MAP_VISIBILITY_GRAPH]
CITY_VERTEX 71
60
61
62
64
2
4
5
6
7
8
9
93
57
58
59

[MAP_VISIBILITY_GRAPH]
CITY_VERTEX 72
60
61
62
64
2
4
5
6
7
8
9
93
57
58
59

[MAP_VISIBILITY_GRAPH]
CITY_VERTEX 73
70
71
72
10
43
44
45
46
47
48
49
69

[MAP_VISIBILITY_GRAPH]
CITY_VERTEX 74
70
71
72
43
44
45
46
47
48
49
51
69

[MAP_VISIBILITY_GRAPH]
CITY_VERTEX 75
70
71
72
43
44
45
46
47
48
49
69

[MAP_VISIBILITY_GRAPH]
CITY_VERTEX 76
70
71
72
43
44
45
46
47
48
49
69

[MAP_VISIBILITY_GRAPH]
CITY_VERTEX 77
70
71
72
10
43
44
45
46
47
48
49
69

[MAP_VISIBILITY_GRAPH]
CITY_VERTEX 78
82
83
84
85
86
9
10
11
12
13
14
16
17
18
19
21
32
34
35
39
41
42
43
72
73
74
75
54
55
80
81

[MAP_VISIBILITY_GRAPH]
CITY_VERTEX 79
84
85
86
56
9
10
12
13
14
17
18
19
34
35
36
42
43
44
73
74
80
81
82
83

[MAP_VISIBILITY_GRAPH]
CITY_VERTEX 80
84
85
86
9
10
12
13
14
17
18
19
21
32
34
35
36
42
43
72
73
74
80
81
82
83

[MAP_VISIBILITY_GRAPH]
CITY_VERTEX 81
85
86
56
9
10
12
13
14
17
18
19
34
35
36
42
43
44
73
74
80
81
82
83
84

[MAP_VISIBILITY_GRAPH]
CITY_VERTEX 82
82
83
84
85
86
9
10
11
12
13
14
17
18
19
21
34
35
36
38
41
42
43
72
73
74
75
54
55
80
81

[MAP_VISIBILITY_GRAPH]
CITY_VERTEX 83
83
84
85
86
56
9
10
12
13
14
17
18
19
21
34
35
36
42
43
47
48
49
72
73
74
80
81
82

[MAP_VISIBILITY_GRAPH]
CITY_VERTEX 84
87
9
10
12
13
14
17
18
19
21
34
35
36
42
43
44
46
72
73
74
80
81
82
83
84
85
86

[MAP_VISIBILITY_GRAPH]
CITY_VERTEX 85
9
10
12
13
14
17
18
19
21
34
35
36
42
43
44
73
80
81
82
83
84
85
86
87

[MAP_VISIBILITY_GRAPH]
CITY_VERTEX 86
40
41
14
16
35
36
37
38
39

[MAP_VISIBILITY_GRAPH]
CITY_VERTEX 87
40
41
12
13
35
36
37
38
39

[MAP_VISIBILITY_GRAPH]
CITY_VERTEX 88
40
41
13
35
36
37
38
39

[MAP_VISIBILITY_GRAPH]
CITY_VERTEX 89
82
83
84
85
86
9
10
11
13
14
15
16
17
18
19
24
25
26
27
28
30
32
33
34
35
41
42
43
73
74
75
54
55
80
81

[MAP_VISIBILITY_GRAPH]
CITY_VERTEX 90
56
57
9
88
89
90
91
92
93
94
95
96
97
54
55

[MAP_VISIBILITY_GRAPH]
CITY_VERTEX 91
56
57
9
13
14
17
18
19
34
35
36
42
85
86
87
88
89
90
91
92
93
94
95
96
55

[MAP_VISIBILITY_GRAPH]
CITY_VERTEX 92
60
61
62
64
0
2
4
5
6
7
8
9
92
93
58
59

[MAP_VISIBILITY_GRAPH]
CITY_VERTEX 93
79
80
81
82
83
10
12
13
14
34
35
42
43
73
74
75
54
55

[MAP_VISIBILITY_GRAPH]
CITY_VERTEX 94
98
99
79
80
10
12
13
14
34
35
42
43
73
74
75
54
55

[MAP_VISIBILITY_GRAPH]
CITY_VERTEX 95
98
99
79
80
14
34
35
42
43
73
74
75
54
55

[MAP_VISIBILITY_GRAPH]
CITY_VERTEX 96
98
99
79
80
34
35
42
43
73
74
75
53
54
55

[MAP_VISIBILITY_GRAPH]
CITY_VERTEX 97
98
99
100
79
80
34
35
42
43
73
74
75
53
54
55

[MAP_VISIBILITY_GRAPH]
CITY_VERTEX 98
58
61
62
63
64
65
4
5
6
7
8
9
89
92
93
57

[MAP_VISIBILITY_GRAPH]
CITY_VERTEX 99
79
80
81
82
83
84
85
56
57
9
10
12
13
14
34
35
42
43
47
48
49
69
72
73
74
75
54
55

[MAP_VISIBILITY_GRAPH]
CITY_VERTEX 100
67
0
1
2
66

[MAP_VISIBILITY_GRAPH]
CITY_VERTEX 101
40
41
42
10
11
35
36
37
38
39

[MAP_VISIBILITY_GRAPH]
CITY_VERTEX 102
30
31
32
16
18
19
20
21
26
27
28
29

[MAP_VISIBILITY_GRAPH]
CITY_VERTEX 103
52
53
54
76
77
78
68
48
49
50
51

[MAP_VISIBILITY_GRAPH]
CITY_VERTEX 104
52
53
54
97
98
99
75
76
77
78
68
69
48
49
50
51

[MAP_VISIBILITY_GRAPH]
CITY_VERTEX 105
52
53
75
76
77
78
68
48
49
50
51

[MAP_VISIBILITY_GRAPH]
CITY_VERTEX 106
58
61
62
63
64
65
8
9
89
92
93
94
95
57

[MAP_VISIBILITY_GRAPH]
CITY_VERTEX 107
60
61
62
64
4
5
6
7
8
9
92
93
57
58
59

[MAP_VISIBILITY_GRAPH]
CITY_VERTEX 108
58
61
62
63
64
65
5
6
8
9
89
92
93
57

[MAP_VISIBILITY_GRAPH]
CITY_VERTEX 109
9
10
13
14
17
18
19
34
35
36
42
43
44
73
81
82
83
84
85
86
87
88

[MAP_VISIBILITY_GRAPH]
CITY_VERTEX 110
56
57
9
10
13
14
17
18
19
34
35
86
87
88
89
90
91
92
93
94
95
96
54
55

[MAP_VISIBILITY_GRAPH]
CITY_VERTEX 111
60
61
62
64
4
5
6
7
8
9
93
57
58
59

[MAP_VISIBILITY_GRAPH]
CITY_VERTEX 112
9
10
12
13
14
17
18
19
21
32
34
35
36
42
43
72
73
74
80
81
82
83
84
85
86
87

[MAP_VISIBILITY_GRAPH]
CITY_VERTEX 113
79
80
81
82
83
84
85
86
56
9
10
11
13
14
15
16
17
18
19
24
25
26
28
30
32
33
34
35
42
43
73
74
75
55

[MAP_VISIBILITY_GRAPH]
CITY_VERTEX 114
56
57
58
62
63
64
65
8
9
43
44
73
84
85
86
87
88
89
90
91
92
93
94
95

[MAP_VISIBILITY_GRAPH]
CITY_VERTEX 115
84
85
57
9
10
12
13
14
17
34
35
36
42
43
44
73
80
81
82
83

[MAP_VISIBILITY_GRAPH]
CITY_VERTEX 116
52
68
69
70
71
72
10
43
44
45
46
47
48
49
51

[MAP_VISIBILITY_GRAPH]
CITY_VERTEX 117
68
69
70
71
72
43
44
45
46
47
48
49

[MAP_VISIBILITY_GRAPH]
CITY_VERTEX 118
70
71
72
43
44
45
46
47
48
49
69

[MAP_VISIBILITY_GRAPH]
CITY_VERTEX 119
70
71
72
44
45
46
47
48
49
69

[MAP_VISIBILITY_GRAPH]
CITY_VERTEX 120
67
0
1
2
64
65
66

[MAP_VISIBILITY_GRAPH]
CITY_VERTEX 121
67
0
1
2
3
4
5
8
65
66

[MAP_VISIBILITY_GRAPH]
CITY_VERTEX 122
40
41
35
36
37
38
39

[MAP_VISIBILITY_GRAPH]
CITY_VERTEX 123
40
41
35
36
37
38
39

[MAP_VISIBILITY_GRAPH]
CITY_VERTEX 124
31
32
16
18
19
20
21
22
26
27
28
30

[MAP_VISIBILITY_GRAPH]
CITY_VERTEX 125
31
32
13
14
15
16
18
19
20
21
23
24
25
26
27
28
30

[MAP_VISIBILITY_GRAPH]
CITY_VERTEX 126
31
32
13
19
21
22
23
24
26

[MAP_VISIBILITY_GRAPH]
CITY_VERTEX 127
52
53
54
76
77
78
68
48
49
50
51

[MAP_VISIBILITY_GRAPH]
CITY_VERTEX 128
52
53
54
76
77
78
68
48
49
50
51

[MAP_VISIBILITY_GRAPH]
CITY_VERTEX 129
70
71
72
43
44
45
46
47
48
49
69

[MAP_VISIBILITY_GRAPH]
CITY_VERTEX 130
70
71
72
43
44
45
46
47
48
49
51
69

[MAP_VISIBILITY_GRAPH]
CITY_VERTEX 131
83
84
85
86
56
9
10
12
13
14
17
18
19
34
35
36
42
43
72
73
74
80
81
82

[CITY_VISIBILITY]
CITY_VERTEX 0
1
2
3
4
5
6
7
8
39
43
46
63
64
65
66
67
103
104
105
116
117
127
128
130

[CITY_VISIBILITY]
CITY_VERTEX 1
0
2
3
4
5
6
7
8
63
64
65
66
67
97
103
104
105
116
127
128

[CITY_VISIBILITY]
CITY_VERTEX 2
0
1
3
4
5
6
7
8
39
40
41
43
46
63
64
65
66
67
73
74
103
104
105
116
117
127
128
130

[CITY_VISIBILITY]
CITY_VERTEX 3
0
1
2
4
5
6
7
8
63
64
65
66
67
103
104
105
127
128

[CITY_VISIBILITY]
CITY_VERTEX 4
0
1
2
3
5
6
7
8
63
64
65
66
67
103
104
105
127
128

[CITY_VISIBILITY]
CITY_VERTEX 5
0
1
2
3
4
6
7
8
63
64
65
66
67
103
104
105
127
128

[CITY_VISIBILITY]
CITY_VERTEX 6
0
1
2
3
4
5
7
8
12
23
40
41
43
45
46
47
63
64
65
66
67
73
74
75
77
99
103
104
105
116
117
127
128
129
130

[CITY_VISIBILITY]
CITY_VERTEX 7
0
1
2
3
4
5
6
8
39
41
43
46
63
64
65
66
67
74
103
104
105
116
117
127
128
130

[CITY_VISIBILITY]
CITY_VERTEX 8
0
1
2
3
4
5
6
7
17
39
63
64
65
66
67
90
103
104
105
127
128

[CITY_VISIBILITY]
CITY_VERTEX 9
13
16
21
27
29
34
38
70
71
72
92
98
107
111

[CITY_VISIBILITY]
CITY_VERTEX 10
17
19
21
24
28
29
30
35
38
48
68
69
70
90
91
106
108
109
110
114

[CITY_VISIBILITY]
CITY_VERTEX 11
12
14
15
17
18
19
20
22
23
25
26
28
31
32
33
35
37
40
41
47
68
69
78
79
80
81
82
83
84
85
89
91
93
99
109
110
112
113
115
131

[CITY_VISIBILITY]
CITY_VERTEX 12
6
11
14
15
18
19
20
22
23
25
26
28
31
32
33
35
36
37
39
44
45
68
77
78
79
80
81
82
83
84
85
89
91
93
94
95
96
97
99
109
112
113
114
115
116
129
130
131

[CITY_VISIBILITY]
CITY_VERTEX 13
9
16
21
27
29
34
48
68
70
71
72
92
98
106
107
108
111
121

[CITY_VISIBILITY]
CITY_VERTEX 14
11
12
15
18
19
20
22
23
25
26
28
31
32
33
35
36
37
39
68
69
78
79
80
81
82
83
84
85
89
91
93
94
95
96
97
99
109
110
112
113
115
131

[CITY_VISIBILITY]
CITY_VERTEX 15
11
12
14
18
19
20
22
25
26
28
31
32
33
35
36
37
61
62
68
69
78
79
80
81
82
83
84
85
89
91
93
94
95
99
102
109
110
112
113
115
123
124
125
131

[CITY_VISIBILITY]
CITY_VERTEX 16
9
13
21
27
29
34
70
71
72
92
107
111
120

[CITY_VISIBILITY]
CITY_VERTEX 17
8
10
11
19
24
28
30
35
68
69
85
90
91
104
109
110
114

[CITY_VISIBILITY]
CITY_VERTEX 18
11
12
14
15
19
20
22
23
25
26
31
32
33
37
39
78
79
80
81
82
83
84
85
89
93
94
95
96
97
99
109
112
113
115
131

[CITY_VISIBILITY]
CITY_VERTEX 19
10
11
12
14
15
17
18
20
22
23
25
26
28
30
31
32
33
35
37
68
69
78
79
80
81
82
83
84
85
89
90
91
99
109
110
112
113
115
131

[CITY_VISIBILITY]
CITY_VERTEX 20
11
12
14
15
18
19
22
23
25
26
28
31
32
33
35
36
37
39
59
68
69
78
79
80
81
82
83
84
85
89
91
93
94
95
96
97
99
109
110
112
113
115
122
131

[CITY_VISIBILITY]
CITY_VERTEX 21
9
10
13
16
24
27
29
30
34
35
38
48
68
69
70
71
72
92
98
106
107
108
111
114
121

[CITY_VISIBILITY]
CITY_VERTEX 22
11
12
14
15
18
19
20
23
25
26
31
32
33
37
39
78
79
80
81
82
83
84
85
89
93
94
95
96
97
99
109
112
113
114
115
131

[CITY_VISIBILITY]
CITY_VERTEX 23
6
11
12
14
18
19
20
22
25
26
28
31
32
33
35
37
56
57
59
68
69
78
79
80
81
82
83
84
85
87
89
91
93
94
99
109
110
112
113
115
126
131

[CITY_VISIBILITY]
CITY_VERTEX 24
10
17
21
29
30
35
38
68
69
70
71
72
90
91
92
98
106
107
108
110
111
114

[CITY_VISIBILITY]
CITY_VERTEX 25
11
12
14
15
18
19
20
22
23
26
28
31
32
33
35
37
57
59
68
69
73
78
79
80
81
82
83
84
85
89
91
93
94
99
109
110
112
113
115
117
131

[CITY_VISIBILITY]
CITY_VERTEX 26
11
12
14
15
18
19
20
22
23
25
28
31
32
33
35
36
37
60
68
69
78
79
80
81
82
83
84
85
86
89
91
93
94
95
99
109
110
112
113
115
125
126
131

[CITY_VISIBILITY]
CITY_VERTEX 27
9
13
16
21
29
34
48
70
71
72
92
98
107
108
111
121

[CITY_VISIBILITY]
CITY_VERTEX 28
10
11
12
14
15
17
19
20
23
25
26
30
31
32
33
35
37
68
69
78
79
80
81
82
83
84
85
89
90
91
99
109
110
112
113
114
115
131

[CITY_VISIBILITY]
CITY_VERTEX 29
9
10
13
16
21
24
27
30
34
35
38
48
69
70
71
72
92
98
106
107
108
111
114
121

[CITY_VISIBILITY]
CITY_VERTEX 30
10
17
19
21
24
28
29
35
38
68
69
70
71
72
90
91
92
98
106
107
108
110
111
114

[CITY_VISIBILITY]
CITY_VERTEX 31
11
12
14
15
18
19
20
22
23
25
26
28
32
33
35
37
68
69
78
79
80
81
82
83
84
85
89
91
93
99
109
110
112
113
114
115
131

[CITY_VISIBILITY]
CITY_VERTEX 32
11
12
14
15
18
19
20
22
23
25
26
28
31
33
35
36
37
39
55
56
57
58
68
69
78
79
80
81
82
83
84
85
86
87
88
89
91
93
94
95
96
97
99
109
110
112
113
115
131

[CITY_VISIBILITY]
CITY_VERTEX 33
11
12
14
15
18
19
20
22
23
25
26
28
31
32
35
37
53
54
57
59
68
69
77
78
79
80
81
82
83
84
85
89
91
93
94
99
101
109
110
112
113
115
116
129
130
131

[CITY_VISIBILITY]
CITY_VERTEX 34
9
13
16
21
27
29
48
52
68
70
71
72
92
98
106
107
108
111
121

[CITY_VISIBILITY]
CITY_VERTEX 35
10
11
12
14
15
17
19
20
21
23
24
25
26
28
29
30
31
32
33
37
38
68
69
70
71
72
78
79
80
81
82
83
84
85
89
90
91
92
98
99
106
107
108
109
110
111
112
113
114
115
131

[CITY_VISIBILITY]
CITY_VERTEX 36
12
14
15
20
26
32
61
62
78
82
86
89
99
102
113
124
125

[CITY_VISIBILITY]
CITY_VERTEX 37
11
12
14
15
18
19
20
22
23
25
26
28
31
32
33
35
45
55
58
59
68
69
78
79
80
81
82
83
84
85
88
89
91
93
94
95
99
109
110
112
113
115
125
126
131

[CITY_VISIBILITY]
CITY_VERTEX 38
9
10
21
24
29
30
35
68
69
70
71
72
92
98
106
107
108
111
114

[CITY_VISIBILITY]
CITY_VERTEX 39
0
2
7
8
12
14
18
20
22
32
63
64
65
66
67
78
89
93
94
95
96
97
99
104
113
127

[CITY_VISIBILITY]
CITY_VERTEX 40
2
6
11
41
42
43
44
45
46
47
73
74
75
76
77
81
84
116
117
118
119
129
130
131

[CITY_VISIBILITY]
CITY_VERTEX 41
2
6
7
11
40
42
43
44
45
46
47
73
74
75
76
77
84
104
116
117
118
119
129
130
131

[CITY_VISIBILITY]
CITY_VERTEX 42
40
41
43
44
45
46
47
73
74
75
76
77
116
117
118
119
129
130

[CITY_VISIBILITY]
CITY_VERTEX 43
0
2
6
7
40
41
42
44
45
46
47
67
73
74
75
76
77
104
112
116
117
118
119
129
130
131

[CITY_VISIBILITY]
CITY_VERTEX 44
12
40
41
42
43
45
46
47
73
74
75
76
77
99
116
117
118
119
129
130

[CITY_VISIBILITY]
CITY_VERTEX 45
6
12
37
40
41
42
43
44
46
47
73
74
75
76
77
82
99
116
117
118
119
129
130

[CITY_VISIBILITY]
CITY_VERTEX 46
0
2
6
7
40
41
42
43
44
45
47
73
74
75
76
77
84
104
116
117
118
119
129
130
131

[CITY_VISIBILITY]
CITY_VERTEX 47
6
11
40
41
42
43
44
45
46
73
74
75
76
77
81
84
85
116
117
118
119
129
130
131

[CITY_VISIBILITY]
CITY_VERTEX 48
10
13
21
27
29
34
49
50
51
52
68
69
100
106
108
120
121

[CITY_VISIBILITY]
CITY_VERTEX 49
48
50
51
52
100
120
121

[CITY_VISIBILITY]
CITY_VERTEX 50
48
49
51
52
100
120
121

[CITY_VISIBILITY]
CITY_VERTEX 51
48
49
50
52
92
100
120
121

[CITY_VISIBILITY]
CITY_VERTEX 52
34
48
49
50
51
71
100
107
120
121

[CITY_VISIBILITY]
CITY_VERTEX 53
33
54
55
56
57
58
82
86
87
88
101
122
123

[CITY_VISIBILITY]
CITY_VERTEX 54
33
53
55
56
57
58
82
86
87
88
101
122
123

[CITY_VISIBILITY]
CITY_VERTEX 55
32
37
53
54
56
57
58
86
87
88
101
122
123

[CITY_VISIBILITY]
CITY_VERTEX 56
23
32
53
54
55
57
58
78
86
87
88
101
122
123

[CITY_VISIBILITY]
CITY_VERTEX 57
23
25
32
33
53
54
55
56
58
78
80
82
86
87
88
101
122
123

[CITY_VISIBILITY]
CITY_VERTEX 58
32
37
53
54
55
56
57
78
86
87
88
101
122
123

[CITY_VISIBILITY]
CITY_VERTEX 59
20
23
25
33
37
60
61
78
102
112
124
125
126

[CITY_VISIBILITY]
CITY_VERTEX 60
26
59
61
89
113
124
125
126

[CITY_VISIBILITY]
CITY_VERTEX 61
15
36
59
60
62
89
102
113
124
125
126

[CITY_VISIBILITY]
CITY_VERTEX 62
15
36
61
89
102
113
124
125

[CITY_VISIBILITY]
CITY_VERTEX 63
0
1
2
3
4
5
6
7
8
39
64
65
66
67
103
104
105
116
127
128

[CITY_VISIBILITY]
CITY_VERTEX 64
0
1
2
3
4
5
6
7
8
39
63
65
66
67
90
103
104
105
116
127
128

[CITY_VISIBILITY]
CITY_VERTEX 65
0
1
2
3
4
5
6
7
8
39
63
64
66
67
103
104
105
116
117
127
128

[CITY_VISIBILITY]
CITY_VERTEX 66
0
1
2
3
4
5
6
7
8
39
63
64
65
67
103
104
105
116
127
128

[CITY_VISIBILITY]
CITY_VERTEX 67
0
1
2
3
4
5
6
7
8
39
43
63
64
65
66
90
103
104
105
116
117
127
128

[CITY_VISIBILITY]
CITY_VERTEX 68
10
11
12
13
14
15
17
19
20
21
23
24
25
26
28
30
31
32
33
34
35
37
38
48
69
78
79
80
81
82
83
84
85
89
90
91
106
109
110
112
113
114
131

[CITY_VISIBILITY]
CITY_VERTEX 69
10
11
14
15
17
19
20
21
23
24
25
26
28
29
30
31
32
33
35
37
38
48
68
70
71
72
78
79
80
81
82
83
84
85
89
90
91
98
106
107
108
109
110
111
112
113
114
131

[CITY_VISIBILITY]
CITY_VERTEX 70
9
10
13
16
21
24
27
29
30
34
35
38
69
71
72
92
98
106
107
108
111
114
120

[CITY_VISIBILITY]
CITY_VERTEX 71
9
13
16
21
24
27
29
30
34
35
38
52
69
70
72
92
98
106
107
108
111
114

[CITY_VISIBILITY]
CITY_VERTEX 72
9
13
16
21
24
27
29
30
34
35
38
69
70
71
92
98
106
107
108
111
114
120

[CITY_VISIBILITY]
CITY_VERTEX 73
2
6
25
40
41
42
43
44
45
46
47
74
75
76
77
80
99
116
117
118
119
129
130

[CITY_VISIBILITY]
CITY_VERTEX 74
2
6
7
40
41
42
43
44
45
46
47
73
75
76
77
99
112
116
117
118
119
129
130
131

[CITY_VISIBILITY]
CITY_VERTEX 75
6
40
41
42
43
44
45
46
47
73
74
76
77
84
99
112
116
117
118
119
129
130
131

[CITY_VISIBILITY]
CITY_VERTEX 76
40
41
42
43
44
45
46
47
73
74
75
77
78
116
117
118
119
129
130

[CITY_VISIBILITY]
CITY_VERTEX 77
6
12
33
40
41
42
43
44
45
46
47
73
74
75
76
80
83
99
116
117
118
119
129
130

[CITY_VISIBILITY]
CITY_VERTEX 78
11
12
14
15
18
19
20
22
23
25
26
28
31
32
33
35
36
37
39
56
57
58
59
68
69
76
79
80
81
82
83
84
85
87
88
89
91
93
94
95
96
97
99
109
110
112
113
115
131

[CITY_VISIBILITY]
CITY_VERTEX 79
11
12
14
15
18
19
20
22
23
25
26
28
31
32
33
35
37
68
69
78
80
81
82
83
84
85
89
91
93
94
99
109
110
112
113
115
131

[CITY_VISIBILITY]
CITY_VERTEX 80
11
12
14
15
18
19
20
22
23
25
26
28
31
32
33
35
37
57
68
69
73
77
78
79
81
82
83
84
85
89
91
93
94
99
109
110
112
113
115
116
131

[CITY_VISIBILITY]
CITY_VERTEX 81
11
12
14
15
18
19
20
22
23
25
26
28
31
32
33
35
37
40
47
68
69
78
79
80
82
83
84
85
89
91
93
94
99
109
110
112
113
115
131

[CITY_VISIBILITY]
CITY_VERTEX 82
11
12
14
15
18
19
20
22
23
25
26
28
31
32
33
35
36
37
45
53
54
57
68
69
78
79
80
81
83
84
85
89
91
93
94
95
96
99
101
109
110
112
113
115
131

[CITY_VISIBILITY]
CITY_VERTEX 83
11
12
14
15
18
19
20
22
23
25
26
28
31
32
33
35
37
68
69
77
78
79
80
81
82
84
85
89
91
93
94
95
99
109
110
112
113
115
116
129
130
131

[CITY_VISIBILITY]
CITY_VERTEX 84
11
12
14
15
18
19
20
22
23
25
26
28
31
32
33
35
37
40
41
46
47
68
69
75
78
79
80
81
82
83
85
89
91
93
94
99
109
110
112
113
115
131

[CITY_VISIBILITY]
CITY_VERTEX 85
11
12
14
15
17
18
19
20
22
23
25
26
28
31
32
33
35
37
47
68
69
78
79
80
81
82
83
84
89
91
93
99
109
110
112
113
115
131

[CITY_VISIBILITY]
CITY_VERTEX 86
26
32
36
53
54
55
56
57
58
87
88
101
122
123

[CITY_VISIBILITY]
CITY_VERTEX 87
23
32
53
54
55
56
57
58
78
86
88
101
122
123

[CITY_VISIBILITY]
CITY_VERTEX 88
32
37
53
54
55
56
57
58
78
86
87
101
122
123

[CITY_VISIBILITY]
CITY_VERTEX 89
11
12
14
15
18
19
20
22
23
25
26
28
31
32
33
35
36
37
39
60
61
62
68
69
78
79
80
81
82
83
84
85
91
93
94
95
96
97
99
102
109
110
112
113
115
122
123
124
125
131

[CITY_VISIBILITY]
CITY_VERTEX 90
8
10
17
19
24
28
30
35
64
67
68
69
91
109
110
114

[CITY_VISIBILITY]
CITY_VERTEX 91
10
11
12
14
15
17
19
20
23
24
25
26
28
30
31
32
33
35
37
68
69
78
79
80
81
82
83
84
85
89
90
109
110
112
113
114
131

[CITY_VISIBILITY]
CITY_VERTEX 92
9
13
16
21
24
27
29
30
34
35
38
51
70
71
72
98
106
107
108
111

[CITY_VISIBILITY]
CITY_VERTEX 93
11
12
14
15
18
20
22
23
25
26
31
32
33
37
39
78
79
80
81
82
83
84
85
89
94
95
96
97
99
109
112
113
115
131

[CITY_VISIBILITY]
CITY_VERTEX 94
12
14
15
18
20
22
23
25
26
32
33
37
39
78
79
80
81
82
83
84
89
93
95
96
97
99
112
113
131

[CITY_VISIBILITY]
CITY_VERTEX 95
12
14
15
18
20
22
26
32
37
39
78
82
83
89
93
94
96
97
99
113
131

[CITY_VISIBILITY]
CITY_VERTEX 96
12
14
18
20
22
32
39
78
82
89
93
94
95
97
99
113

[CITY_VISIBILITY]
CITY_VERTEX 97
1
12
14
18
20
22
32
39
78
89
93
94
95
96
99
113

[CITY_VISIBILITY]
CITY_VERTEX 98
9
13
21
24
27
29
30
34
35
38
69
70
71
72
92
106
107
108
111
114
121

[CITY_VISIBILITY]
CITY_VERTEX 99
6
11
12
14
15
18
19
20
22
23
25
26
28
31
32
33
35
36
37
39
44
45
73
74
75
77
78
79
80
81
82
83
84
85
89
93
94
95
96
97
109
112
113
114
115
116
117
129
130
131

[CITY_VISIBILITY]
CITY_VERTEX 100
48
49
50
51
52
120
121

[CITY_VISIBILITY]
CITY_VERTEX 101
33
53
54
55
56
57
58
82
86
87
88
122
123

[CITY_VISIBILITY]
CITY_VERTEX 102
15
36
59
61
62
89
113
124
125

[CITY_VISIBILITY]
CITY_VERTEX 103
0
1
2
3
4
5
6
7
8
63
64
65
66
67
104
105
127
128

[CITY_VISIBILITY]
CITY_VERTEX 104
0
1
2
3
4
5
6
7
8
17
39
41
43
46
63
64
65
66
67
103
105
116
117
127
128
130

[CITY_VISIBILITY]
CITY_VERTEX 105
0
1
2
3
4
5
6
7
8
63
64
65
66
67
103
104
116
127
128

[CITY_VISIBILITY]
CITY_VERTEX 106
10
13
21
24
29
30
34
35
38
48
68
69
70
71
72
92
98
107
108
111
114

[CITY_VISIBILITY]
CITY_VERTEX 107
9
13
16
21
24
27
29
30
34
35
38
52
69
70
71
72
92
98
106
108
111
114

[CITY_VISIBILITY]
CITY_VERTEX 108
10
13
21
24
27
29
30
34
35
38
48
69
70
71
72
92
98
106
107
111
114
121

[CITY_VISIBILITY]
CITY_VERTEX 109
10
11
12
14
15
17
18
19
20
22
23
25
26
28
31
32
33
35
37
68
69
78
79
80
81
82
83
84
85
89
90
91
93
99
110
112
113
115
131

[CITY_VISIBILITY]
CITY_VERTEX 110
10
11
14
15
17
19
20
23
24
25
26
28
30
31
32
33
35
37
68
69
78
79
80
81
82
83
84
85
89
90
91
109
112
113
114
131

[CITY_VISIBILITY]
CITY_VERTEX 111
9
13
16
21
24
27
29
30
34
35
38
69
70
71
72
92
98
106
107
108
114

[CITY_VISIBILITY]
CITY_VERTEX 112
11
12
14
15
18
19
20
22
23
25
26
28
31
32
33
35
37
43
59
68
69
74
75
78
79
80
81
82
83
84
85
89
91
93
94
99
109
110
113
115
131

[CITY_VISIBILITY]
CITY_VERTEX 113
11
12
14
15
18
19
20
22
23
25
26
28
31
32
33
35
36
37
39
60
61
62
68
69
78
79
80
81
82
83
84
85
89
91
93
94
95
96
97
99
102
109
110
112
115
124
125
131

[CITY_VISIBILITY]
CITY_VERTEX 114
10
12
17
21
22
24
28
29
30
31
35
38
68
69
70
71
72
90
91
98
99
106
107
108
110
111
115

[CITY_VISIBILITY]
CITY_VERTEX 115
11
12
14
15
18
19
20
22
23
25
26
28
31
32
33
35
37
78
79
80
81
82
83
84
85
89
93
99
109
112
113
114
131

[CITY_VISIBILITY]
CITY_VERTEX 116
0
1
2
6
7
12
33
40
41
42
43
44
45
46
47
63
64
65
66
67
73
74
75
76
77
80
83
99
104
105
117
118
119
127
129
130

[CITY_VISIBILITY]
CITY_VERTEX 117
0
2
6
7
25
40
41
42
43
44
45
46
47
65
67
73
74
75
76
77
99
104
116
118
119
129
130

[CITY_VISIBILITY]
CITY_VERTEX 118
40
41
42
43
44
45
46
47
73
74
75
76
77
116
117
119
129
130

[CITY_VISIBILITY]
CITY_VERTEX 119
40
41
42
43
44
45
46
47
73
74
75
76
77
116
117
118
129
130

[CITY_VISIBILITY]
CITY_VERTEX 120
16
48
49
50
51
52
70
72
100
121

[CITY_VISIBILITY]
CITY_VERTEX 121
13
21
27
29
34
48
49
50
51
52
98
100
108
120

[CITY_VISIBILITY]
CITY_VERTEX 122
20
53
54
55
56
57
58
86
87
88
89
101
123

[CITY_VISIBILITY]
CITY_VERTEX 123
15
53
54
55
56
57
58
86
87
88
89
101
122

[CITY_VISIBILITY]
CITY_VERTEX 124
15
36
59
60
61
62
89
102
113
125
126

[CITY_VISIBILITY]
CITY_VERTEX 125
15
26
36
37
59
60
61
62
89
102
113
124
126

[CITY_VISIBILITY]
CITY_VERTEX 126
23
26
37
59
60
61
124
125

[CITY_VISIBILITY]
CITY_VERTEX 127
0
1
2
3
4
5
6
7
8
39
63
64
65
66
67
103
104
105
116
128

[CITY_VISIBILITY]
CITY_VERTEX 128
0
1
2
3
4
5
6
7
8
63
64
65
66
67
103
104
105
127

[CITY_VISIBILITY]
CITY_VERTEX 129
6
12
33
40
41
42
43
44
45
46
47
73
74
75
76
77
83
99
116
117
118
119
130

[CITY_VISIBILITY]
CITY_VERTEX 130
0
2
6
7
12
33
40
41
42
43
44
45
46
47
73
74
75
76
77
83
99
104
116
117
118
119
129

[CITY_VISIBILITY]
CITY_VERTEX 131
11
12
14
15
18
19
20
22
23
25
26
28
31
32
33
35
37
40
41
43
46
47
68
69
74
75
78
79
80
81
82
83
84
85
89
91
93
94
95
99
109
110
112
113
115

