320.40272482146145 -493.9465740507561
247.2112712159054 -693.3056616318258
51.971346932258456 -544.3160499609933
86.77027385972137 -1132.1765758202973
317.2122229086008 -1106.5764918187906
98.38841164820163 -923.0743923878617
92.27749496055984 -738.3635876382127
709.0989083598682 -1198.059941003938
708.1793385825899 -254.8298593444135
738.3772503040148 -745.6543183945676
818.2570290348847 -698.9739301164263
604.3049615148349 -869.3597034648024
596.2923667787345 -1201.0964678701744
856.9442077232384 -1451.6670280513208
744.6143175610413 -1360.5498724518225
695.520070280236 -1450.3378733943491
387.41598772671676 -1268.360139585205
514.1438539507458 -1460.9039684379663
844.920230991496 -1024.428038549197
856.4434062550205 -889.9613140055784
880.2555326026002 -977.7710468595187
895.44026569836 -553.6932807018921
