46.57728366524391 903.9607601160143
140.51174209046678 1315.0066381941183
819.5102695110843 314.82774013152186
834.3514874111514 166.89825000607811
1727.0846495118162 115.66287784714041
1856.3151568082403 1171.4117593348287
1582.6226318683168 1816.389256512365
1408.0875831088588 917.8270250232436
1923.0220648458508 327.37723133043954
1421.4281199076565 413.29118688671883
1283.3727490026004 424.56765703726506
326.7646901954343 1517.7046269231435
1050.4422490057866 1687.5175293069744
902.3121917812439 1439.1564700546946
1147.8367229154155 924.6010494021403
1265.3602388366892 861.2670898453555
746.370474839333 1158.6430757452626
846.9844802524381 1917.4828900590855
202.7350168203411 1865.629868656567
569.1641499388945 263.42019443385175
604.0062101768984 805.018766701792
180.65159617246977 126.28456597780713
