187.000 1607.000
171.000 2236.000
124.000 130.000
1170.000 1031.000
428.000 2237.000
1535.000 609.000
1295.000 116.000
1065.000 116.000
453.000 460.000
753.000 116.000
1339.000 545.000
936.000 1672.000
896.000 1952.000
545.000 116.000
1636.000 116.000
1694.000 809.000
1504.000 1955.000
700.000 1812.000
1972.000 256.000
857.000 359.000
1046.000 872.000
1715.000 1920.000
1691.000 1284.000
451.000 1067.000
1691.000 1521.000
936.000 1453.000
1361.000 1233.000
1146.000 1952.000
573.000 1992.000
664.000 299.000
1056.000 334.000
1160.000 1236.000
406.000 262.000
1691.000 1722.000
1384.000 827.000
1974.000 2231.000
1359.000 1615.000
1070.000 1586.000
1346.000 1711.000
1630.000 378.000
245.000 1416.000
121.000 1528.000
148.000 755.000
458.000 92.000
587.000 1393.000
952.000 837.000
1230.000 626.000
1390.000 2181.000
1940.000 179.000
1817.000 406.000
1887.000 1980.000
1936.000 1153.000
121.750 799.000
116.500 1885.500
123.875 400.375
121.375 1141.375
930.500 1199.500
443.000 769.500
399.500 1656.500
1295.000 326.000
453.500 1331.500
392.000 1888.500
1701.000 432.000
1575.000 1050.000
698.500 1001.750
726.500 1334.500
654.250 619.500
935.375 2224.125
1013.000 563.500
1284.000 2226.000
1694.500 2219.250
1892.000 1087.000
1944.500 1483.125
1920.750 745.250
1913.000 1797.000
1397.000 1351.500
263.000 1935.500
757.500 1661.000
661.500 2146.500
1901.500 436.500
