[INFO]
FORMAT=MAP_POINTS_CITY_POINTS
NAME=
VERSION=1.0
COMMENT=Polygon with holes has been re-created from the file '../data/planning/maps/rooms/rooms.map'
COMMENT=Collinear points has been removed by the 'tmap_convert.cc' ver. 0.5
COMMENT=Created from file '../data/planning/maps/rooms/rooms.map' by program ./tmap_convert version 0.5
COMMENT=Created from file '../data/maps/rooms/rooms.txt' by program ./tmap_convert version 0.5
COMMENT=Cities appended from the file 'cities4/rooms/Dinf/0/cities.txt'

[MAP_POINTS]
0 0 0
1 0 650
2 520 650
3 520 490
4 570 490
5 570 800
6 520 800
7 520 690
8 0 690
9 0 2000
10 630 2000
11 630 1770
12 530 1770
13 530 1700
14 800 1700
15 800 1770
16 690 1770
17 690 2000
18 1300 2000
19 1300 700
20 780 700
21 780 640
22 1300 640
23 1300 410
24 1170 410
25 1170 360
26 1470 360
27 1470 410
28 1360 410
29 1360 640
30 1820 640
31 1820 510
32 1890 510
33 1890 830
34 1820 830
35 1820 700
36 1360 700
37 1360 2000
38 2000 2000
39 2000 1360
40 1490 1360
41 1490 1450
42 1440 1450
43 1440 1220
44 1490 1220
45 1490 1310
46 2000 1310
47 2000 0
48 1350 0
49 1350 260
50 1460 260
51 1460 310
52 1160 310
53 1160 260
54 1300 260
55 1300 0
56 690 0
57 690 1320
58 1170 1320
59 1170 1210
60 1230 1210
61 1230 1510
62 1170 1510
63 1170 1370
64 690 1370
65 690 1580
66 800 1580
67 800 1630
68 530 1630
69 530 1580
70 640 1580
71 640 1370
72 130 1370
73 130 1450
74 90 1450
75 90 1240
76 130 1240
77 130 1320
78 640 1320
79 640 0

[MAP_BORDER]
79
78
77
76
75
74
73
72
71
70
69
68
67
66
65
64
63
62
61
60
59
58
57
56
55
54
53
52
51
50
49
48
47
46
45
44
43
42
41
40
39
38
37
36
35
34
33
32
31
30
29
28
27
26
25
24
23
22
21
20
19
18
17
16
15
14
13
12
11
10
9
8
7
6
5
4
3
2
1
0

[CITY_POINTS]
0 46.577283665244 903.96076011601
1 140.51174209047 1315.0066381941
2 819.51026951108 314.82774013152
3 834.35148741115 166.89825000608
4 1727.0846495118 115.66287784714
5 1856.3151568082 1171.4117593348
6 1582.6226318683 1816.3892565124
7 1408.0875831089 917.82702502324
8 1923.0220648459 327.37723133044
9 1421.4281199077 413.29118688672
10 1283.3727490026 424.56765703727
11 326.76469019543 1517.7046269231
12 1050.4422490058 1687.517529307
13 902.31219178124 1439.1564700547
14 1147.8367229154 924.60104940214
15 1265.3602388367 861.26708984536
16 746.37047483933 1158.6430757453
17 846.98448025244 1917.4828900591
18 202.73501682034 1865.6298686566
19 569.16414993889 263.42019443385
20 604.0062101769 805.01876670179
21 180.65159617247 126.28456597781

