[INFO]
FORMAT=MAP_POINTS
NAME=
VERSION=1.0
COMMENT=Load from simple-txt file 'potholes/potholes.txt'
COMMENT=Created from file 'potholes/potholes.txt' by program ./tmap_convert version 0.4
COMMENT=Collinear points has been removed by the 'tmap_convert.cc' ver. 0.5
COMMENT=Created from file '../data/planning/maps/potholes/potholes.map' by program ./tmap_convert version 0.5
COMMENT=Created from file 'maps/potholes/potholes.txt' by program ../map_tools/tmap_convert version 0.5

[MAP_POINTS]
0 0 0
1 2000 0
2 2000 2000
3 0 2000
4 480 640
5 430 560
6 490 540
7 570 550
8 580 610
9 560 660
10 500 660
11 1300 1150
12 1250 1070
13 1280 1020
14 1340 1030
15 1460 1070
16 1400 1120
17 1400 1180
18 1340 1200
19 1280 1190
20 390 1440
21 410 1370
22 470 1390
23 450 1440
24 490 1500
25 420 1530
26 370 1490
27 1010 1790
28 980 1730
29 1010 1680
30 1080 1660
31 1100 1680
32 1090 1740
33 1120 1790
34 1060 1810
35 1040 1820
36 750 1120
37 800 1060
38 860 1060
39 920 1130
40 850 1170
41 810 1200
42 1200 590
43 1140 500
44 1200 470
45 1280 500
46 1290 590
47 1210 640
48 1740 590
49 1710 520
50 1790 490
51 1830 510
52 1790 560
53 1790 630
54 1720 650
55 860 820
56 840 760
57 890 710
58 960 690
59 970 740
60 910 790
61 170 1000
62 160 920
63 230 900
64 340 900
65 350 980
66 290 1010
67 200 1050
68 1490 1580
69 1430 1530
70 1470 1470
71 1520 1480
72 1610 1470
73 1600 1510
74 1570 1580
75 1520 1570
76 1060 1460
77 980 1410
78 1000 1360
79 1070 1350
80 1160 1380
81 1150 1440
82 1100 1450
83 700 1590
84 650 1520
85 680 1470
86 780 1450
87 850 1460
88 830 1520
89 770 1540
90 750 1590
91 1470 510
92 1430 460
93 1470 410
94 1550 390
95 1560 440
96 1520 500
97 1480 550
98 1380 170
99 1350 100
100 1420 80
101 1480 100
102 1460 190
103 1710 340
104 1660 280
105 1650 210
106 1710 200
107 1800 230
108 1750 340
109 680 1850
110 630 1790
111 640 1730
112 710 1710
113 800 1780
114 780 1850
115 730 250
116 790 300
117 890 250
118 850 200
119 720 180
120 130 1850
121 70 1780
122 100 1690
123 200 1700
124 270 1790
125 1720 1150
126 1630 1100
127 1650 1040
128 1720 980
129 1810 1020
130 1810 1090
131 1330 870
132 1310 790
133 1360 740
134 1440 750
135 1510 820
136 190 600
137 140 570
138 100 490
139 190 410
140 320 450
141 250 510
142 500 1160
143 520 970
144 550 980
145 540 1140
146 430 240
147 400 160
148 420 120
149 480 120
150 530 210
151 510 290
152 450 270

[MAP_BORDER]
0
1
2
3

[MAP_OBSTACLE]
10
9
8
7
6
5
4

[MAP_OBSTACLE]
19
18
17
16
15
14
13
12
11

[MAP_OBSTACLE]
26
25
24
23
22
21
20

[MAP_OBSTACLE]
35
34
33
32
31
30
29
28
27

[MAP_OBSTACLE]
41
40
39
38
37
36

[MAP_OBSTACLE]
47
46
45
44
43
42

[MAP_OBSTACLE]
54
53
52
51
50
49
48

[MAP_OBSTACLE]
60
59
58
57
56
55

[MAP_OBSTACLE]
67
66
65
64
63
62
61

[MAP_OBSTACLE]
75
74
73
72
71
70
69
68

[MAP_OBSTACLE]
82
81
80
79
78
77
76

[MAP_OBSTACLE]
90
89
88
87
86
85
84
83

[MAP_OBSTACLE]
97
96
95
94
93
92
91

[MAP_OBSTACLE]
102
101
100
99
98

[MAP_OBSTACLE]
108
107
106
105
104
103

[MAP_OBSTACLE]
114
113
112
111
110
109

[MAP_OBSTACLE]
115
116
117
118
119

[MAP_OBSTACLE]
124
123
122
121
120

[MAP_OBSTACLE]
130
129
128
127
126
125

[MAP_OBSTACLE]
135
134
133
132
131

[MAP_OBSTACLE]
141
140
139
138
137
136

[MAP_OBSTACLE]
145
144
143
142

[MAP_OBSTACLE]
152
151
150
149
148
147
146

