233.0858454667137 238.18676209857864
298.4368269875374 252.9722115807387
440.821838429034 254.04076957905926
465.67906462753996 225.99359586879774
335.96323403945036 242.31320266753124
121.92254021784049 470.6382436741608
279.6637671332095 398.4310768445559
425.1244497278989 406.57298321263755
70.61337866446429 336.46727989153544
175.36655661589413 222.8057941874522
142.7647299869126 143.69111252748746
35.940037400925775 129.49629967498834
339.4775994309549 36.9182883123239
451.22981238784837 132.63298350296668
