[INFO]
FORMAT=MAP_POINTS_CITY_POINTS
NAME=m2.txt
VERSION=1.0
COMMENT=Load from simple-txt file 'old_maps/src/m2.txt'
COMMENT=Collinear points has been removed by the 'tmap_convert.cc' ver. 0.5
COMMENT=Created from file 'old_maps/src/m2.txt' by program ./tmap_convert version 0.5
COMMENT=Created from file '../data/maps/m2/m2.txt' by program ./tmap_convert version 0.5
COMMENT=Cities appended from the file 'cities4/m2/Dinf/0/cities.txt'

[MAP_POINTS]
0 10 10
1 10 490
2 490 490
3 490 10
4 335.714286 164.285714
5 335.714286 221.428571
6 450 221.428571
7 450 164.285714
8 392.857143 164.285714
9 392.857143 107.142857
10 450 107.142857
11 450 50
12 392.857143 50
13 335.714286 107.142857
14 335.714286 50
15 278.571429 50
16 278.571429 221.428571
17 164.285714 335.714286
18 164.285714 450
19 278.571429 450
20 221.428571 392.857143
21 221.428571 221.428571
22 107.142857 335.714286
23 50 392.857143
24 50 450
25 107.142857 450
26 107.142857 392.857143
27 164.285714 107.142857
28 164.285714 164.285714
29 221.428571 164.285714
30 221.428571 50
31 50 50
32 107.142857 107.142857
33 335.714286 335.714286
34 278.571429 335.714286
35 278.571429 392.857143
36 335.714286 392.857143
37 335.714286 450
38 392.857143 450
39 392.857143 392.857143
40 450 392.857143
41 450 278.571429
42 392.857143 278.571429
43 392.857143 335.714286
44 335.714286 278.571429
45 278.571429 278.571429
46 50 335.714286
47 164.285714 221.428571
48 107.142857 221.428571
49 107.142857 164.285714
50 50 107.142857

[MAP_BORDER]
3
2
1
0

[MAP_OBSTACLE]
4
5
6
7
8
9
10
11
12
13
14
15
16

[MAP_OBSTACLE]
17
18
19
20
21
22

[MAP_OBSTACLE]
23
24
25
26

[MAP_OBSTACLE]
27
28
29
30
31
32

[MAP_OBSTACLE]
33
34
35
36
37
38
39
40
41
42
43
44
45

[MAP_OBSTACLE]
46
47
48
49
50

[CITY_POINTS]
0 233.08584546671 238.18676209858
1 298.43682698754 252.97221158074
2 440.82183842903 254.04076957906
3 465.67906462754 225.9935958688
4 335.96323403945 242.31320266753
5 121.92254021784 470.63824367416
6 279.66376713321 398.43107684456
7 425.1244497279 406.57298321264
8 70.613378664464 336.46727989154
9 175.36655661589 222.80579418745
10 142.76472998691 143.69111252749
11 35.940037400926 129.49629967499
12 339.47759943095 36.918288312324
13 451.22981238785 132.63298350297

